2.9.2008	53,00	53,00	53,00	53,00	53,00	0,00	2	74	3.922,00
1.9.2008	53,00	53,00	53,00	53,00	53,00	0,00	1	2	106,00
29.8.2008	53,00	53,00	53,00	53,00	53,00	0,00	5	600	31.800,00
28.8.2008	53,00	53,00	53,00	53,00	53,00	0,00	2	263	13.939,00
27.8.2008	53,00	53,00	53,00	53,00	53,00	0,00	7	1.000	53.000,00
26.8.2008	53,00	53,00	53,00	53,00	53,00	-5,19	1	200	10.600,00
22.8.2008	53,00	55,90	53,00	55,90	53,01	5,47	2	201	10.655,90
20.8.2008	53,00	53,00	53,00	53,00	53,00	-1,85	2	337	17.861,00
18.8.2008	54,00	54,00	54,00	54,00	54,00	0,00	12	1.285	69.390,00
11.8.2008	53,00	54,50	53,00	54,00	53,82	-0,92	4	1.467	78.955,50
24.7.2008	53,60	54,50	53,60	54,50	54,27	1,70	2	300	16.282,50
21.7.2008	53,59	53,59	53,59	53,59	53,59	-0,02	1	200	10.718,00
17.7.2008	53,60	53,60	53,60	53,60	53,60	4,46	1	25	1.340,00
8.7.2008	51,31	51,31	51,31	51,31	51,31	0,00	1	30	1.539,30
4.7.2008	51,32	51,32	51,31	51,31	51,31	-6,71	4	434	22.268,87
1.7.2008	55,00	55,00	55,00	55,00	55,00	-5,17	1	5	275,00
30.6.2008	58,00	58,00	58,00	58,00	58,00	13,02	1	85	4.930,00
27.6.2008	51,32	51,32	51,32	51,32	51,32	0,02	1	367	18.834,44
23.6.2008	51,31	51,31	51,31	51,31	51,31	-1,33	3	155	7.953,05
20.6.2008	53,05	53,05	52,00	52,00	52,48	-1,98	4	543	28.496,90
19.6.2008	52,10	53,05	52,00	53,05	52,19	0,00	6	833	43.473,00
18.6.2008	53,11	53,11	53,05	53,05	53,06	2,02	3	249	13.211,25
10.6.2008	57,11	57,11	52,00	52,00	52,48	-8,95	5	456	23.932,28
9.6.2008	57,11	57,11	57,11	57,11	57,11	0,00	1	102	5.825,22
5.6.2008	57,11	57,11	57,11	57,11	57,11	0,00	1	34	1.941,74
3.6.2008	57,11	57,11	57,11	57,11	57,11	3,46	1	10	571,10
2.6.2008	54,01	55,21	54,01	55,20	54,83	2,22	5	64	3.509,18
30.5.2008	59,99	64,00	54,00	54,00	59,89	-9,98	12	1.517	90.856,62
29.5.2008	59,00	59,99	59,00	59,99	59,78	1,68	6	960	57.392,40
26.5.2008	59,00	59,00	59,00	59,00	59,00	-0,02	2	350	20.650,00
21.5.2008	59,13	59,13	59,01	59,01	59,04	-7,81	2	121	7.143,81
19.5.2008	64,01	64,01	64,01	64,01	64,01	6,29	1	12	768,12
15.5.2008	60,22	60,22	60,22	60,22	60,22	-7,35	1	200	12.044,00
14.5.2008	69,50	69,50	65,00	65,00	65,06	-6,47	12	608	39.556,00
13.5.2008	60,00	69,50	60,00	69,50	65,24	12,11	44	5.944	387.813,75
12.5.2008	54,50	61,99	54,50	61,99	59,36	-0,02	3	150	8.904,10
9.5.2008	51,22	62,00	51,22	62,00	52,20	9,73	2	55	2.871,00
8.5.2008	55,00	56,50	55,00	56,50	55,34	-4,24	7	902	49.913,00
6.5.2008	59,00	59,00	59,00	59,00	59,00	-1,65	1	50	2.950,00
30.4.2008	59,98	59,99	55,00	59,99	58,04	3,43	34	3.272	189.917,97
29.4.2008	50,90	58,00	50,90	58,00	54,38	23,67	22	1.434	77.985,80
25.4.2008	46,90	46,90	46,90	46,90	46,90	0,86	1	170	7.973,00
24.4.2008	47,00	47,00	46,50	46,50	46,70	1,09	5	500	23.350,00
23.4.2008	46,00	46,00	46,00	46,00	46,00	0,00	18	1.505	69.230,00
21.4.2008	46,00	46,00	46,00	46,00	46,00	0,00	6	904	41.584,00
17.4.2008	46,01	46,50	46,00	46,00	46,01	-14,63	13	1.167	53.693,35
14.4.2008	45,00	53,88	45,00	53,88	45,03	17,13	6	708	31.877,76
7.4.2008	50,00	50,00	46,00	46,00	46,65	-16,36	4	309	14.414,00
2.4.2008	49,00	55,00	49,00	55,00	50,17	12,24	3	369	18.513,00
1.4.2008	49,00	49,00	49,00	49,00	49,00	-16,22	4	212	10.388,00
19.3.2008	54,00	58,49	54,00	58,49	56,48	19,37	5	450	25.417,61
17.3.2008	52,58	52,58	49,00	49,00	51,15	-6,81	8	902	46.134,98
14.3.2008	53,13	53,13	52,58	52,58	52,61	-2,63	11	679	35.722,72
10.3.2008	53,51	55,00	53,17	54,00	53,83	-6,90	6	928	49.952,03
6.3.2008	57,99	58,00	57,99	58,00	57,99	9,00	2	388	22.501,12
5.3.2008	53,01	53,21	53,01	53,21	53,14	-6,14	2	454	24.123,34
29.2.2008	58,00	58,00	56,69	56,69	57,99	1,23	24	1.539	89.254,14
25.2.2008	58,00	58,00	56,00	56,00	56,49	7,03	5	1.777	100.386,00
22.2.2008	53,02	53,02	52,32	52,32	52,52	-12,49	3	1.000	52.515,70
21.2.2008	58,00	59,79	58,00	59,79	58,03	3,09	11	1.000	58.034,01
20.2.2008	57,20	58,00	57,20	58,00	57,69	-3,32	2	31	1.788,40
18.2.2008	59,99	59,99	59,99	59,99	59,99	3,43	1	2	119,98
15.2.2008	58,00	58,00	58,00	58,00	58,00	0,00	1	1	58,00
14.2.2008	54,00	58,00	54,00	58,00	54,21	-3,33	2	19	1.030,00
13.2.2008	60,00	60,00	60,00	60,00	60,00	0,00	3	106	6.360,00
12.2.2008	60,00	60,00	60,00	60,00	60,00	0,00	2	50	3.000,00
8.2.2008	57,10	60,00	56,00	60,00	56,70	5,08	21	5.182	293.819,36
7.2.2008	59,99	59,99	57,10	57,10	59,08	-4,83	2	950	56.123,50
6.2.2008	57,10	60,00	57,10	60,00	59,05	0,00	4	46	2.716,50
5.2.2008	60,00	60,00	60,00	60,00	60,00	-2,93	1	1	60,00
4.2.2008	60,00	61,81	60,00	61,81	60,30	10,36	2	300	18.090,50
30.1.2008	60,00	60,00	56,01	56,01	56,59	-10,23	6	331	18.731,05
28.1.2008	56,52	62,39	56,52	62,39	58,37	-0,35	2	146	8.521,94
25.1.2008	59,00	62,61	59,00	62,61	61,19	4,35	3	330	20.192,00
24.1.2008	57,96	60,00	56,50	60,00	59,76	0,00	7	341	20.378,64
23.1.2008	61,00	61,00	56,50	60,00	58,73	0,00	5	528	31.008,50
22.1.2008	60,00	60,00	60,00	60,00	60,00	-4,66	9	4.405	264.300,00
21.1.2008	61,00	63,98	60,00	62,93	60,01	-1,66	24	10.970	658.341,54
17.1.2008	64,90	64,90	63,99	63,99	64,27	1,57	4	85	5.462,60
16.1.2008	63,00	63,00	60,00	63,00	60,50	0,35	5	249	15.064,60
15.1.2008	62,99	62,99	62,78	62,78	62,85	-0,21	5	117	7.353,97
11.1.2008	62,92	62,92	62,91	62,91	62,91	0,19	3	453	28.499,67
10.1.2008	62,78	63,00	62,78	62,79	62,84	0,13	5	1.566	98.412,64
9.1.2008	63,01	63,01	62,71	62,71	62,96	-0,48	4	700	44.069,38
8.1.2008	63,10	63,77	63,01	63,01	63,02	-0,03	6	578	36.427,61
7.1.2008	63,90	63,90	63,03	63,03	63,22	-0,74	8	1.005	63.534,78
4.1.2008	65,01	65,01	63,50	63,50	64,25	0,21	7	792	50.888,20
3.1.2008	64,00	64,00	63,37	63,37	63,73	-6,46	4	884	56.337,88
2.1.2008	67,75	67,75	67,75	67,75	67,75	1,12	1	6	406,50
31.12.2007	67,00	67,00	67,00	67,00	67,00	-0,71	1	5.285	354.095,00
27.12.2007	66,28	68,79	66,28	67,48	68,28	1,81	6	1.313	89.646,84
19.12.2007	62,72	66,28	62,71	66,28	63,10	5,68	7	4.760	300.366,22
18.12.2007	63,50	63,51	62,72	62,72	63,05	-1,23	8	2.855	180.012,53
17.12.2007	63,50	63,50	63,50	63,50	63,50	0,62	1	10	635,00
14.12.2007	66,50	66,80	63,11	63,11	65,40	-5,78	7	787	51.467,46
12.12.2007	64,00	66,98	64,00	66,98	65,85	4,66	3	226	14.881,88
11.12.2007	63,70	64,00	63,00	64,00	63,56	-1,54	18	1.751	111.296,89
7.12.2007	65,00	65,00	64,00	65,00	64,99	0,00	4	858	55.762,00
6.12.2007	65,00	67,87	62,50	65,00	65,03	-2,99	9	2.637	171.483,05
5.12.2007	67,00	67,00	67,00	67,00	67,00	0,00	1	5	335,00
4.12.2007	67,99	67,99	67,00	67,00	67,04	6,35	3	95	6.368,96
3.12.2007	64,51	64,51	63,00	63,00	63,15	-1,58	11	9.434	595.793,15
30.11.2007	65,05	66,00	64,01	64,01	65,44	-8,56	7	3.500	229.053,52
29.11.2007	63,00	70,00	62,00	70,00	66,22	0,00	17	8.800	582.757,56
27.11.2007	68,89	70,00	67,14	70,00	69,87	0,00	6	3.100	216.581,86
26.11.2007	69,00	70,00	69,00	70,00	69,00	0,00	3	2.008	138.560,00
23.11.2007	69,00	70,00	69,00	70,00	69,05	0,00	3	1.050	72.500,00
22.11.2007	65,06	70,00	65,00	70,00	66,26	7,61	12	3.123	206.939,45
21.11.2007	66,00	66,00	65,05	65,05	65,17	-8,38	3	809	52.722,35
16.11.2007	67,86	71,00	67,77	71,00	69,06	0,71	8	1.201	82.935,39
15.11.2007	68,71	70,50	67,85	70,50	68,47	-0,70	10	2.236	153.098,84
14.11.2007	69,00	71,00	68,72	71,00	69,84	1,43	6	601	41.971,51
13.11.2007	70,00	70,00	70,00	70,00	70,00	-1,41	1	80	5.600,00
12.11.2007	69,00	71,00	69,00	71,00	70,02	1,43	7	615	43.063,73
9.11.2007	68,54	70,00	68,54	70,00	69,81	-1,41	2	69	4.816,86
8.11.2007	70,00	71,00	68,50	71,00	69,93	1,43	8	899	62.864,95
6.11.2007	70,00	70,00	70,00	70,00	70,00	0,00	3	1.043	73.010,00
5.11.2007	67,78	70,00	67,78	70,00	69,84	0,00	4	1.183	82.625,34
31.10.2007	70,14	70,14	69,03	70,00	69,18	-2,71	8	1.127	77.967,26
30.10.2007	71,00	71,95	69,05	71,95	70,46	0,01	7	1.043	73.488,62
29.10.2007	71,00	71,94	69,03	71,94	69,86	0,08	9	1.277	89.207,91
26.10.2007	71,99	73,97	71,88	71,88	72,72	2,69	16	1.726	125.513,00
25.10.2007	69,91	72,00	69,00	70,00	70,55	0,00	13	1.588	112.026,50
24.10.2007	70,50	70,50	70,00	70,00	70,09	-4,08	3	72	5.046,57
23.10.2007	71,99	72,98	70,50	72,98	70,88	3,52	6	745	52.803,57
22.10.2007	72,00	72,00	70,50	70,50	71,17	-0,70	9	543	38.645,00
19.10.2007	72,00	72,00	71,00	71,00	71,35	0,00	3	100	7.135,00
18.10.2007	72,00	72,00	71,00	71,00	71,02	-1,39	3	500	35.509,00
17.10.2007	70,05	72,00	70,00	72,00	70,10	2,78	5	2.283	160.034,50
16.10.2007	72,07	72,07	70,05	70,05	70,11	-2,80	2	103	7.221,21
15.10.2007	72,07	72,07	72,07	72,07	72,07	0,00	1	50	3.603,50
12.10.2007	72,50	72,50	72,07	72,07	72,33	-2,54	2	30	2.169,84
11.10.2007	70,15	73,95	69,50	73,95	71,88	5,55	14	1.054	75.763,13
10.10.2007	73,00	73,00	70,05	70,06	70,68	-4,03	9	910	64.319,15
9.10.2007	73,00	73,00	73,00	73,00	73,00	0,00	4	32	2.336,00
5.10.2007	73,00	73,00	73,00	73,00	73,00	0,00	1	4	292,00
4.10.2007	73,00	73,00	73,00	73,00	73,00	4,21	1	1	73,00
3.10.2007	71,05	71,05	70,05	70,05	70,73	-5,26	4	100	7.073,26
2.10.2007	73,90	73,94	73,90	73,94	73,92	3,41	3	500	36.960,97
1.10.2007	73,98	73,98	71,03	71,50	71,40	-3,35	4	228	16.278,89
28.9.2007	72,00	73,98	72,00	73,98	73,85	0,65	5	469	34.636,74
26.9.2007	70,09	73,50	70,09	73,50	73,43	0,68	7	5.255	385.857,51
24.9.2007	73,29	73,29	70,05	73,00	71,08	-0,41	10	1.326	94.251,87
21.9.2007	72,00	73,30	70,21	73,30	72,18	-0,12	5	840	60.630,77
20.9.2007	70,51	73,39	70,19	73,39	71,45	-0,11	7	1.449	103.530,25
19.9.2007	70,25	73,47	70,19	73,47	72,37	4,58	17	4.233	306.334,06
18.9.2007	70,84	70,84	70,25	70,25	70,66	-4,37	4	500	35.327,50
17.9.2007	70,81	73,46	70,81	73,46	72,84	0,23	9	1.925	140.210,87
14.9.2007	73,42	73,42	70,87	73,29	72,58	-0,18	9	1.009	73.234,81
13.9.2007	74,95	74,95	70,87	73,42	71,33	-2,04	12	1.252	89.305,35
12.9.2007	73,00	74,95	71,00	74,95	73,91	0,60	12	3.180	235.033,80
11.9.2007	74,90	74,90	70,76	74,50	73,10	-0,57	18	3.735	273.014,39
10.9.2007	70,85	74,93	70,85	74,93	73,95	1,26	17	3.791	280.325,94
6.9.2007	70,23	74,00	70,23	74,00	73,12	-0,64	5	650	47.529,18
5.9.2007	70,05	74,48	68,00	74,48	70,95	0,00	13	1.947	138.146,04
4.9.2007	70,02	74,49	70,02	74,48	72,36	-0,60	6	1.050	75.973,93
31.8.2007	70,00	74,93	70,00	74,93	73,79	-0,07	7	225	16.602,91
30.8.2007	74,98	74,98	74,98	74,98	74,98	-0,03	1	40	2.999,20
29.8.2007	71,00	75,00	70,00	75,00	74,11	1,20	16	2.350	174.155,34
28.8.2007	74,43	74,43	70,00	74,11	72,28	-0,44	14	1.860	134.436,78
27.8.2007	71,51	74,44	71,50	74,44	71,81	-0,73	4	478	34.326,00
23.8.2007	72,10	74,99	71,50	74,99	72,34	-0,01	7	465	33.639,20
22.8.2007	74,99	75,00	74,99	75,00	75,00	0,00	3	1.000	74.997,70
20.8.2007	74,00	75,00	73,60	75,00	74,24	7,14	6	2.129	158.057,45
17.8.2007	73,10	73,10	70,00	70,00	71,46	-6,65	21	2.965	211.890,84
16.8.2007	74,99	74,99	74,99	74,99	74,99	-0,01	1	10	749,90
14.8.2007	75,00	75,00	75,00	75,00	75,00	0,01	1	70	5.250,00
13.8.2007	74,00	75,99	73,00	74,99	74,64	1,34	8	2.003	149.510,86
10.8.2007	74,01	74,01	74,00	74,00	74,01	0,68	3	336	24.866,84
8.8.2007	73,00	73,50	73,00	73,50	73,03	-0,68	2	686	50.096,00
7.8.2007	74,40	74,40	74,00	74,00	74,06	-0,54	4	250	18.516,00
6.8.2007	74,40	74,40	74,40	74,40	74,40	-0,13	1	10	744,00
3.8.2007	76,00	76,00	74,50	74,50	74,94	-1,97	3	1.840	137.890,00
1.8.2007	76,00	76,00	76,00	76,00	76,00	0,00	1	110	8.360,00
31.7.2007	76,00	76,00	76,00	76,00	76,00	1,33	1	150	11.400,00
30.7.2007	75,00	75,00	75,00	75,00	75,00	-5,62	2	50	3.750,00
27.7.2007	78,99	79,47	78,99	79,47	79,22	-0,01	4	430	34.064,13
26.7.2007	76,00	79,48	76,00	79,48	76,99	6,83	4	231	17.785,71
25.7.2007	76,00	76,00	74,40	74,40	75,56	-2,11	3	140	10.578,00
24.7.2007	76,00	76,00	76,00	76,00	76,00	1,33	2	183	13.908,00
23.7.2007	75,00	75,00	75,00	75,00	75,00	1,23	3	503	37.725,00
20.7.2007	75,00	75,00	74,09	74,09	74,23	-3,77	2	65	4.824,95
19.7.2007	76,99	76,99	76,99	76,99	76,99	-0,01	1	14	1.077,86
18.7.2007	77,00	77,00	77,00	77,00	77,00	2,58	1	100	7.700,00
16.7.2007	75,06	75,06	75,06	75,06	75,06	-0,70	2	160	12.009,60
13.7.2007	76,98	76,98	75,59	75,59	76,52	-1,83	3	298	22.803,82
12.7.2007	79,50	79,50	77,00	77,00	77,23	-3,39	3	110	8.495,00
11.7.2007	79,99	80,00	79,70	79,70	79,99	0,90	5	467	37.356,80
9.7.2007	78,99	78,99	78,99	78,99	78,99	3,93	1	100	7.899,00
6.7.2007	75,09	76,00	75,09	76,00	75,90	1,33	2	450	34.154,50
5.7.2007	75,00	75,00	75,00	75,00	75,00	-1,32	2	257	19.275,00
4.7.2007	76,00	76,00	76,00	76,00	76,00	0,00	2	344	26.144,00
3.7.2007	76,00	76,00	76,00	76,00	76,00	-1,94	1	156	11.856,00
29.6.2007	77,50	77,50	77,50	77,50	77,50	0,00	3	53	4.107,50
28.6.2007	78,00	78,00	77,50	77,50	77,99	0,00	3	314	24.490,00
27.6.2007	77,50	77,50	77,50	77,50	77,50	0,00	2	365	28.287,50
26.6.2007	76,00	77,50	76,00	77,50	76,34	1,97	7	732	55.882,00
21.6.2007	76,50	76,50	76,00	76,00	76,01	-0,65	2	826	62.784,50
19.6.2007	78,00	78,00	76,00	76,50	76,57	-0,69	10	5.647	432.408,13
18.6.2007	79,86	79,86	77,03	77,03	77,13	-3,54	3	890	68.645,44
15.6.2007	79,86	79,86	79,86	79,86	79,86	3,67	1	500	39.930,00
14.6.2007	77,51	77,51	77,03	77,03	77,29	-0,35	7	650	50.236,80
12.6.2007	77,60	77,60	77,30	77,30	77,33	-0,39	4	329	25.440,08
11.6.2007	79,00	79,00	77,60	77,60	77,63	0,00	2	100	7.762,80
8.6.2007	77,60	77,60	77,60	77,60	77,60	-2,99	1	60	4.656,00
6.6.2007	80,00	80,00	77,44	79,99	77,99	-0,01	3	102	7.955,00
5.6.2007	80,00	80,00	80,00	80,00	80,00	0,00	2	212	16.960,00
4.6.2007	84,00	84,00	80,00	80,00	81,52	-4,76	14	2.473	201.588,02
1.6.2007	84,49	84,50	83,11	84,00	84,00	-0,59	8	1.249	104.912,00
31.5.2007	84,50	84,50	83,10	84,50	83,81	-1,74	5	188	15.757,00
29.5.2007	85,98	86,00	85,98	86,00	85,99	0,60	3	2.125	182.725,30
28.5.2007	85,00	85,49	85,00	85,49	85,15	1,79	2	100	8.514,70
25.5.2007	88,00	89,89	80,00	83,99	84,73	-4,55	20	2.930	248.264,60
24.5.2007	79,01	88,00	79,01	87,99	84,88	14,27	28	11.841	1.005.008,40
22.5.2007	78,00	78,00	77,00	77,00	77,95	-1,28	4	271	21.124,00
21.5.2007	82,00	82,00	78,00	78,00	80,24	-1,27	6	163	13.079,00
18.5.2007	81,00	81,00	79,00	79,00	79,83	-4,82	6	314	25.068,00
17.5.2007	82,00	84,00	81,00	83,00	83,55	1,22	10	965	80.622,06
16.5.2007	79,91	85,00	79,90	82,00	81,33	9,32	35	10.934	889.225,88
15.5.2007	75,00	79,00	75,00	75,01	77,95	0,01	14	2.204	171.796,70
14.5.2007	74,51	75,07	74,51	75,00	74,96	-3,41	5	897	67.235,50
11.5.2007	77,69	77,69	73,52	77,65	76,36	-0,45	8	440	33.596,60
10.5.2007	76,00	78,00	76,00	78,00	76,80	4,00	3	490	37.630,00
9.5.2007	74,00	75,00	74,00	75,00	74,93	2,74	4	181	13.563,00
8.5.2007	74,20	74,20	73,00	73,00	74,06	-2,67	12	3.102	229.720,68
4.5.2007	77,99	77,99	75,00	75,00	75,50	-3,83	9	586	44.244,35
3.5.2007	75,20	77,99	75,20	77,99	77,89	3,30	2	85	6.620,78
2.5.2007	75,51	75,60	75,50	75,50	75,51	-3,21	6	404	30.504,15
30.4.2007	79,93	79,93	75,00	78,00	77,31	-2,44	8	1.293	99.965,78
27.4.2007	74,89	79,95	74,89	79,95	76,68	6,89	19	3.156	242.013,75
26.4.2007	74,00	75,00	73,25	74,80	74,29	3,13	12	1.804	134.013,35
25.4.2007	72,53	72,54	72,53	72,53	72,53	0,01	5	240	17.408,28
24.4.2007	72,01	73,50	72,01	72,52	72,60	1,24	4	1.851	134.387,94
23.4.2007	73,98	73,98	71,63	71,63	71,68	-3,19	3	278	19.927,24
20.4.2007	73,00	75,98	72,50	73,99	73,48	2,06	12	1.843	135.415,21
19.4.2007	73,50	73,50	72,00	72,50	72,52	-1,36	12	1.420	102.975,30
18.4.2007	73,02	73,50	72,72	73,50	73,17	0,67	8	1.347	98.554,94
17.4.2007	75,10	75,10	73,01	73,01	74,26	-3,93	10	1.910	141.830,45
16.4.2007	74,15	76,00	74,00	76,00	74,33	2,52	11	1.177	87.488,38
13.4.2007	74,11	76,70	74,10	74,13	75,16	-1,16	15	1.674	125.824,81
12.4.2007	76,51	76,51	74,00	75,00	74,69	-1,96	13	2.343	175.009,07
11.4.2007	76,50	77,00	76,00	76,50	76,51	0,53	25	2.648	202.604,94
10.4.2007	76,00	76,90	75,80	76,10	76,24	-1,17	9	917	69.915,24
5.4.2007	75,87	77,00	75,61	77,00	75,84	1,32	14	1.480	112.248,32
4.4.2007	76,00	76,01	75,61	76,00	75,94	0,00	15	2.145	162.882,75
3.4.2007	77,98	78,00	76,00	76,00	76,30	-2,56	16	1.452	110.783,85
2.4.2007	75,75	78,00	75,57	78,00	76,17	3,24	13	1.778	135.433,15
30.3.2007	78,00	78,00	75,55	75,55	76,21	-3,14	14	2.316	176.496,91
29.3.2007	78,03	79,95	78,00	78,00	78,27	-0,01	13	2.143	167.728,73
28.3.2007	78,01	78,01	78,01	78,01	78,01	0,01	2	104	8.113,04
27.3.2007	80,50	80,50	78,00	78,00	80,11	-3,11	16	2.264	181.376,68
26.3.2007	81,89	81,89	80,00	80,50	80,47	-1,70	4	278	22.371,17
23.3.2007	81,99	81,99	80,00	81,89	80,59	1,10	9	739	59.554,16
22.3.2007	77,84	81,00	77,84	81,00	79,93	5,19	26	4.273	341.560,53
21.3.2007	77,84	77,84	76,23	77,00	77,05	1,02	6	313	24.116,19
20.3.2007	76,22	76,32	76,19	76,22	76,24	0,05	11	1.552	118.318,26
19.3.2007	76,37	76,50	76,18	76,18	76,41	-0,22	7	1.132	86.498,05
16.3.2007	76,50	76,50	76,12	76,35	76,39	0,32	5	337	25.743,04
15.3.2007	77,10	77,10	76,11	76,11	76,22	-1,16	4	401	30.566,10
14.3.2007	76,07	77,00	76,06	77,00	76,28	0,00	6	265	20.215,15
13.3.2007	77,00	77,00	76,04	77,00	76,59	1,17	4	504	38.599,59
12.3.2007	77,99	77,99	76,11	76,11	77,40	-2,41	6	1.594	123.379,34
9.3.2007	77,00	77,99	77,00	77,99	77,22	1,29	3	320	24.709,30
8.3.2007	76,08	77,00	75,01	77,00	75,86	1,21	9	2.781	210.974,68
7.3.2007	78,00	78,00	76,01	76,08	76,42	-3,70	7	665	50.821,53
6.3.2007	77,90	79,00	77,90	79,00	78,11	1,27	3	453	35.386,00
5.3.2007	80,00	80,00	78,01	78,01	79,75	-2,46	9	1.290	102.883,76
2.3.2007	74,99	79,98	74,99	79,98	78,11	6,65	28	2.644	206.527,01
1.3.2007	74,02	75,00	74,01	74,99	74,46	2,73	7	1.300	96.798,68
28.2.2007	74,10	75,00	72,50	73,00	73,37	-2,01	21	2.864	210.135,26
27.2.2007	75,60	75,60	74,01	74,50	74,74	-1,53	25	4.778	357.119,54
26.2.2007	76,00	77,00	75,11	75,66	75,76	-1,74	34	3.413	258.580,89
23.2.2007	77,01	77,01	75,14	77,00	76,26	-0,01	27	3.842	292.993,80
22.2.2007	77,50	78,98	77,00	77,01	77,39	-2,25	15	1.286	99.520,45
21.2.2007	77,98	80,00	77,00	78,78	78,81	1,03	15	1.316	103.714,25
20.2.2007	77,00	77,98	75,09	77,98	76,54	-0,03	4	310	23.727,02
19.2.2007	76,07	78,00	75,00	78,00	75,91	0,87	13	1.933	146.733,30
16.2.2007	75,50	77,33	75,50	77,33	76,71	3,11	6	688	52.779,31
15.2.2007	77,99	77,99	74,50	75,00	75,85	-3,23	20	2.562	194.315,57
14.2.2007	78,30	78,30	77,00	77,50	77,86	-1,02	9	860	66.955,75
13.2.2007	78,33	78,40	78,30	78,30	78,33	0,00	10	836	65.484,35
12.2.2007	78,42	78,42	78,30	78,30	78,32	-0,89	9	837	65.552,07
9.2.2007	79,00	79,00	79,00	79,00	79,00	0,89	4	300	23.700,00
8.2.2007	80,00	80,00	78,30	78,30	79,30	-1,51	15	2.237	177.394,79
7.2.2007	80,02	80,02	78,50	79,50	79,62	-0,65	17	2.657	211.544,07
6.2.2007	80,02	81,99	80,02	80,02	80,51	0,00	5	222	17.873,82
5.2.2007	79,51	82,00	79,51	80,02	81,12	0,11	16	3.162	256.487,94
2.2.2007	79,00	79,99	78,50	79,93	79,09	0,05	13	1.906	150.752,26
1.2.2007	78,85	79,89	78,63	79,89	78,93	1,60	3	170	13.418,48
31.1.2007	79,00	80,00	78,63	78,63	79,10	-0,22	17	1.342	106.150,67
30.1.2007	79,00	79,00	78,60	78,80	78,92	-1,50	6	740	58.399,20
29.1.2007	79,50	80,00	78,59	80,00	79,10	1,19	17	2.581	204.165,03
26.1.2007	80,00	80,00	79,06	79,06	79,53	-1,18	12	1.301	103.463,06
25.1.2007	80,00	80,00	80,00	80,00	80,00	0,63	9	2.396	191.680,00
24.1.2007	80,01	80,01	79,02	79,50	79,52	-0,64	21	3.417	271.705,84
23.1.2007	82,00	82,00	80,01	80,01	80,87	-2,40	4	460	37.202,34
22.1.2007	81,00	81,99	79,02	81,98	80,35	2,99	13	1.034	83.083,12
19.1.2007	81,00	81,98	79,60	79,60	80,15	-0,50	21	2.273	182.171,59
18.1.2007	82,00	82,00	80,00	80,00	80,61	-3,61	17	2.380	191.844,40
17.1.2007	82,00	83,91	82,00	83,00	82,04	-1,10	15	11.617	953.082,60
16.1.2007	83,95	83,96	77,02	83,92	79,46	-0,10	18	2.720	216.131,60
15.1.2007	84,50	84,50	84,00	84,00	84,20	0,00	5	233	19.618,50
12.1.2007	85,00	85,00	83,99	84,00	84,44	-1,18	14	995	84.018,50
11.1.2007	84,50	87,00	84,50	85,00	85,36	0,59	26	4.028	343.819,43
10.1.2007	81,00	84,50	81,00	84,50	82,61	3,31	26	2.380	196.606,59
9.1.2007	81,79	81,79	81,79	81,79	81,79	0,48	1	9	736,11
8.1.2007	80,00	81,40	78,00	81,40	79,78	1,75	13	2.758	220.035,85
5.1.2007	80,00	80,00	78,53	80,00	79,25	0,00	8	847	67.128,63
4.1.2007	79,99	80,00	79,99	80,00	80,00	1,27	4	973	77.836,77
29.12.2006	80,00	80,00	79,00	79,00	79,19	-1,25	7	1.239	98.120,00
28.12.2006	79,99	80,00	78,04	80,00	79,79	0,00	6	1.904	151.923,57
27.12.2006	80,00	80,00	80,00	80,00	80,00	0,00	3	500	40.000,00
22.12.2006	80,00	81,45	79,00	80,00	80,27	0,00	17	2.735	219.534,29
21.12.2006	80,00	80,00	79,50	80,00	79,86	-0,12	13	3.638	290.527,37
20.12.2006	79,96	80,10	79,96	80,10	79,98	0,13	9	539	43.111,38
19.12.2006	79,38	80,10	77,10	80,00	79,81	1,27	22	4.329	345.477,46
18.12.2006	77,54	79,00	77,54	79,00	77,90	2,33	4	843	65.673,25
15.12.2006	78,00	78,00	77,20	77,20	77,44	-1,03	3	320	24.780,80
14.12.2006	77,24	78,00	77,20	78,00	77,26	0,00	4	445	34.381,92
13.12.2006	78,01	78,01	78,00	78,00	78,00	-0,01	6	788	61.464,46
12.12.2006	80,00	80,00	78,00	78,01	78,57	-2,49	7	528	41.483,54
11.12.2006	78,49	80,00	78,49	80,00	79,79	3,76	26	4.822	384.760,08
8.12.2006	77,50	77,50	77,10	77,10	77,20	-0,52	3	206	15.903,80
7.12.2006	78,00	79,96	77,00	77,50	77,47	-3,11	8	1.453	112.560,31
6.12.2006	77,00	80,00	77,00	79,99	79,52	0,00	15	1.517	120.625,42
5.12.2006	80,10	80,10	77,00	79,99	78,67	1,25	19	3.217	253.066,51
4.12.2006	81,00	81,80	79,00	79,00	79,58	-2,47	24	4.281	340.672,21
1.12.2006	79,01	81,00	78,20	81,00	79,71	2,53	36	7.107	566.516,70
30.11.2006	82,00	82,00	78,02	79,00	79,87	-3,19	38	8.237	657.928,79
29.11.2006	82,00	86,00	76,02	81,60	82,92	-0,49	137	35.203	2.919.109,74
28.11.2006	75,94	84,94	75,94	82,00	81,70	7,97	157	30.688	2.507.091,65
27.11.2006	68,90	76,99	68,90	75,95	73,43	10,23	93	26.637	1.956.014,22
24.11.2006	65,43	68,90	64,98	68,90	66,40	5,30	72	26.665	1.770.459,48
23.11.2006	66,49	66,49	64,51	65,43	65,02	0,66	57	23.164	1.506.072,98
22.11.2006	66,94	67,99	64,51	65,00	65,68	0,00	83	18.583	1.220.598,43
21.11.2006	65,41	67,00	65,00	65,00	65,26	-0,64	9	1.252	81.708,98
20.11.2006	67,50	67,50	65,42	65,42	66,73	-3,08	4	573	38.234,46
17.11.2006	69,48	70,99	66,01	67,50	68,54	-2,85	18	3.479	238.436,18
16.11.2006	65,00	69,48	65,00	69,48	68,13	6,89	25	3.226	219.787,54
15.11.2006	61,00	65,00	60,01	65,00	64,20	11,09	16	3.421	219.620,56
14.11.2006	60,00	60,00	58,51	58,51	59,56	-2,48	4	603	35.914,22
13.11.2006	62,35	62,35	60,00	60,00	60,21	-5,66	13	4.453	268.103,05
9.11.2006	63,60	63,60	63,60	63,60	63,60	-3,64	1	100	6.360,00
8.11.2006	66,00	66,00	63,53	66,00	64,39	0,00	6	727	46.812,41
7.11.2006	66,00	66,00	66,00	66,00	66,00	0,00	1	40	2.640,00
6.11.2006	64,76	66,00	64,76	66,00	64,96	0,02	5	646	41.962,62
3.11.2006	66,00	67,00	64,73	65,99	65,06	1,52	8	1.379	89.724,16
2.11.2006	65,00	65,00	65,00	65,00	65,00	-4,27	2	203	13.195,00
31.10.2006	67,99	67,99	64,71	67,90	66,67	-0,15	8	665	44.332,71
30.10.2006	64,00	68,00	64,00	68,00	67,05	6,25	12	2.308	154.748,05
27.10.2006	65,05	65,90	63,53	64,00	64,33	-1,54	11	1.077	69.278,08
26.10.2006	66,00	66,00	63,20	65,00	64,80	-4,38	10	1.499	97.136,95
25.10.2006	68,00	68,00	65,11	67,98	66,63	-1,19	8	1.118	74.494,10
24.10.2006	68,70	68,80	66,10	68,80	68,50	-0,29	8	939	64.319,50
23.10.2006	67,06	69,00	67,00	69,00	68,31	2,89	17	2.007	137.104,37
20.10.2006	68,00	69,98	67,06	67,06	68,66	-2,10	16	1.970	135.260,12
19.10.2006	68,42	68,68	68,00	68,50	68,34	2,24	13	3.269	223.413,09
18.10.2006	65,00	68,58	64,01	67,00	65,53	3,08	33	4.824	316.130,64
17.10.2006	63,02	66,00	63,02	65,00	65,08	0,00	11	1.805	117.468,10
16.10.2006	67,57	67,58	64,87	65,00	66,10	-5,36	13	973	64.319,74
13.10.2006	68,99	68,99	67,12	68,68	68,00	-0,30	8	592	40.254,21
12.10.2006	67,12	68,89	67,12	68,89	68,63	1,31	2	134	9.195,86
11.10.2006	70,00	70,00	67,00	68,00	67,40	-2,86	20	5.514	371.659,56
10.10.2006	72,90	72,90	67,99	70,00	69,79	-4,08	18	2.771	193.378,92
9.10.2006	70,00	72,98	68,52	72,98	69,99	0,11	22	3.410	238.656,14
6.10.2006	70,00	73,38	70,00	72,90	70,71	-0,82	27	3.792	268.117,20
5.10.2006	75,02	80,00	68,00	73,50	71,48	-8,13	36	5.209	372.339,46
4.10.2006	131,12	131,12	66,02	80,00	85,57	-40,74	97	14.212	1.216.074,24
3.10.2006	135,00	136,00	135,00	135,00	135,21	0,00	8	906	122.500,00
2.10.2006	134,00	135,00	134,00	135,00	134,79	0,75	3	700	94.350,00
29.9.2006	131,00	134,00	129,00	134,00	131,76	2,29	31	4.794	631.678,64
28.9.2006	131,90	131,90	130,00	131,00	130,90	-0,72	7	372	48.696,50
27.9.2006	131,95	131,95	128,50	131,95	131,92	2,29	3	303	39.970,50
26.9.2006	132,00	132,00	129,00	129,00	131,27	-2,27	7	901	118.272,00
25.9.2006	132,00	132,00	132,00	132,00	132,00	3,94	1	23	3.036,00
22.9.2006	132,00	132,00	127,00	127,00	128,59	-3,79	8	864	111.104,50
21.9.2006	125,00	132,00	125,00	132,00	130,44	0,01	8	620	80.872,48
20.9.2006	130,30	131,99	126,47	131,99	127,56	1,92	12	2.412	307.681,84
19.9.2006	132,00	132,00	129,50	129,50	129,77	-5,11	12	2.950	382.809,21
18.9.2006	129,51	136,49	129,50	136,48	130,94	0,72	11	1.500	196.410,58
15.9.2006	134,99	135,50	129,50	135,50	131,71	1,12	11	964	126.968,90
14.9.2006	131,00	134,00	130,00	134,00	131,00	1,59	8	5.524	723.622,00
13.9.2006	128,88	131,90	128,88	131,90	129,67	-0,83	8	980	127.078,50
11.9.2006	132,00	133,00	132,00	133,00	132,89	-0,72	3	500	66.445,00
8.9.2006	132,02	133,96	130,00	133,96	130,83	-0,76	9	938	122.719,53
7.9.2006	135,00	135,00	132,05	134,98	134,76	-1,47	8	631	85.035,30
6.9.2006	136,50	137,00	135,00	136,99	135,78	-0,30	19	6.173	838.185,74
5.9.2006	135,00	137,50	135,00	137,40	136,40	1,78	15	1.929	263.116,40
4.9.2006	131,97	135,00	131,00	135,00	133,77	2,30	15	2.036	272.357,47
1.9.2006	135,00	135,15	130,00	131,97	132,97	-2,24	20	3.240	430.835,10
31.8.2006	130,00	135,00	130,00	135,00	132,29	3,85	10	2.077	274.756,00
30.8.2006	123,50	130,00	123,50	130,00	126,17	6,56	49	10.580	1.334.865,99
29.8.2006	121,55	123,50	120,00	122,00	121,29	-1,21	12	1.035	125.538,79
28.8.2006	122,00	123,50	122,00	123,50	122,90	0,00	2	100	12.290,00
25.8.2006	122,50	123,50	122,50	123,50	123,23	-0,32	5	649	79.978,50
24.8.2006	121,98	123,90	121,98	123,90	123,20	1,19	10	1.600	197.114,24
23.8.2006	122,50	122,50	121,00	122,44	121,92	-0,86	8	433	52.791,08
21.8.2006	123,50	123,50	118,98	123,50	121,48	0,00	5	201	24.417,98
18.8.2006	121,00	123,50	119,98	123,50	120,58	-0,01	6	387	46.664,94
17.8.2006	118,00	123,51	118,00	123,51	120,10	0,41	5	744	89.354,95
16.8.2006	120,00	123,00	117,87	123,00	120,22	4,37	4	299	35.946,10
14.8.2006	118,01	118,01	117,85	117,85	117,94	-0,13	4	1.000	117.937,57
11.8.2006	118,00	118,00	118,00	118,00	118,00	-3,25	1	52	6.136,00
9.8.2006	119,99	121,98	119,99	121,97	120,48	0,81	18	2.208	266.029,89
8.8.2006	115,17	120,99	115,15	120,99	115,62	0,83	10	1.240	143.365,57
7.8.2006	121,00	121,00	120,00	120,00	120,08	-0,08	10	2.045	245.565,80
4.8.2006	122,00	123,97	119,00	120,10	121,04	-1,56	9	882	106.758,40
3.8.2006	122,00	122,00	122,00	122,00	122,00	-1,53	1	93	11.346,00
2.8.2006	124,50	124,50	123,89	123,89	124,09	-0,09	4	92	11.415,82
1.8.2006	126,00	126,00	124,00	124,00	124,78	-0,16	5	725	90.465,87
31.7.2006	127,00	129,00	124,20	124,20	127,49	-2,20	22	2.751	350.737,00
28.7.2006	127,00	129,00	126,99	127,00	127,08	1,60	15	2.227	283.017,25
27.7.2006	120,02	129,99	120,00	125,00	124,08	4,17	16	4.787	593.988,09
26.7.2006	114,01	120,00	114,01	120,00	117,90	3,46	20	1.816	214.104,60
25.7.2006	112,00	115,99	112,00	115,99	114,60	5,44	7	922	105.657,74
24.7.2006	110,00	112,00	110,00	110,01	111,04	-4,34	4	630	69.954,16
21.7.2006	115,00	115,00	114,89	115,00	115,00	0,00	7	302	34.728,57
20.7.2006	114,90	116,99	114,89	115,00	115,30	0,10	10	1.330	153.345,78
19.7.2006	110,00	114,89	110,00	114,89	112,55	4,45	22	2.009	226.115,17
18.7.2006	110,00	110,00	110,00	110,00	110,00	0,00	4	603	66.330,00
17.7.2006	111,77	112,99	110,00	110,00	110,12	0,00	8	5.737	631.745,21
14.7.2006	110,00	110,00	108,20	110,00	109,92	1,75	9	7.450	818.927,00
12.7.2006	111,83	111,83	108,11	108,11	108,62	0,10	2	116	12.600,28
10.7.2006	108,00	108,00	108,00	108,00	108,00	-3,57	1	80	8.640,00
7.7.2006	110,00	112,00	110,00	112,00	110,33	-0,88	3	303	33.430,00
6.7.2006	113,00	113,00	113,00	113,00	113,00	0,00	1	4	452,00
5.7.2006	110,00	113,00	110,00	113,00	112,80	-0,26	10	1.526	172.131,00
3.7.2006	112,00	113,29	112,00	113,29	112,80	-0,01	3	170	19.176,60
30.6.2006	109,00	115,00	103,11	113,30	108,96	6,00	25	6.252	681.225,52
29.6.2006	105,00	106,89	105,00	106,89	106,42	1,80	3	236	25.114,00
28.6.2006	104,00	105,00	104,00	105,00	104,37	0,96	5	1.436	149.869,94
27.6.2006	102,51	104,00	102,00	104,00	102,99	-0,94	4	147	15.139,39
26.6.2006	102,51	104,99	102,51	104,99	104,33	-0,01	2	68	7.094,68
20.6.2006	102,51	105,00	102,51	105,00	102,64	2,43	6	433	44.444,10
19.6.2006	105,00	105,00	102,51	102,51	104,02	-2,37	2	38	3.952,65
16.6.2006	105,00	105,00	105,00	105,00	105,00	0,00	1	67	7.035,00
14.6.2006	102,51	105,00	102,51	105,00	102,62	0,96	2	218	22.372,08
12.6.2006	104,00	104,00	104,00	104,00	104,00	-0,95	1	100	10.400,00
8.6.2006	103,00	105,00	103,00	105,00	104,94	0,00	3	111	11.648,42
7.6.2006	104,99	105,00	104,99	105,00	105,00	1,94	2	361	37.904,80
6.6.2006	102,01	103,00	102,01	103,00	102,53	-0,48	3	759	77.821,59
5.6.2006	103,50	103,50	103,50	103,50	103,50	0,00	3	513	53.095,50
2.6.2006	103,50	103,50	103,50	103,50	103,50	0,00	3	894	92.529,00
1.6.2006	103,00	103,50	103,00	103,50	103,47	1,87	6	1.436	148.583,00
31.5.2006	102,00	102,00	101,60	101,60	101,61	0,00	3	350	35.563,60
30.5.2006	101,61	101,61	101,60	101,60	101,60	-1,36	2	104	10.566,76
29.5.2006	103,00	103,05	103,00	103,00	103,02	1,98	3	248	25.548,65
26.5.2006	101,50	103,80	100,60	101,00	102,27	1,00	11	996	101.864,23
25.5.2006	103,50	103,50	100,00	100,00	100,42	-6,10	5	1.124	112.874,00
24.5.2006	103,02	106,50	103,01	106,50	104,18	0,00	3	150	15.626,75
23.5.2006	108,00	108,00	106,50	106,50	106,72	0,00	6	527	56.241,00
22.5.2006	108,00	108,00	106,50	106,50	107,03	-1,40	7	2.451	262.328,00
19.5.2006	108,01	109,89	108,01	108,01	108,05	-1,80	7	1.380	149.110,20
18.5.2006	108,50	109,99	107,02	109,99	107,51	-0,01	8	1.496	160.837,23
17.5.2006	106,50	110,00	106,50	110,00	108,16	2,80	10	2.080	224.978,00
16.5.2006	107,50	107,50	107,00	107,00	107,05	0,47	9	658	70.438,50
15.5.2006	110,00	110,00	106,50	106,50	107,18	-3,18	10	1.906	204.275,59
12.5.2006	110,00	110,00	110,00	110,00	110,00	0,00	8	2.345	257.950,00
11.5.2006	110,10	112,00	110,00	110,00	110,04	-0,90	9	3.411	375.342,15
10.5.2006	111,01	111,02	111,00	111,00	111,01	-0,01	5	901	100.017,55
9.5.2006	110,00	112,00	110,00	111,01	110,59	0,91	10	1.900	210.118,83
8.5.2006	111,31	111,31	110,00	110,01	110,49	-1,17	12	2.758	304.738,52
5.5.2006	111,02	111,31	111,02	111,31	111,12	0,27	4	290	32.225,67
4.5.2006	111,01	111,01	111,00	111,01	111,01	-1,76	3	221	24.532,95
3.5.2006	111,02	113,00	111,00	113,00	111,73	0,00	12	1.129	126.146,64
2.5.2006	113,51	114,00	111,00	113,00	112,24	-1,74	11	847	95.063,50
28.4.2006	112,00	115,00	112,00	115,00	113,90	1,77	12	1.099	125.175,36
27.4.2006	112,00	113,00	112,00	113,00	112,62	0,89	8	1.314	147.979,97
26.4.2006	112,00	112,00	111,00	112,00	111,98	0,90	9	3.180	356.090,00
25.4.2006	108,01	112,00	108,01	111,00	110,93	0,91	5	297	32.946,42
24.4.2006	110,00	110,00	110,00	110,00	110,00	2,10	1	255	28.050,00
21.4.2006	112,99	113,46	107,74	107,74	111,63	-4,97	7	1.224	136.630,49
20.4.2006	109,98	113,38	107,00	113,38	109,46	5,96	10	2.215	242.451,23
19.4.2006	107,05	107,50	107,00	107,00	107,02	-2,28	4	343	36.706,50
18.4.2006	109,50	109,50	106,50	109,50	108,99	0,41	12	480	52.317,50
13.4.2006	109,05	110,00	109,00	109,05	109,50	0,05	6	602	65.916,50
12.4.2006	109,00	109,01	109,00	109,00	109,00	0,00	4	260	28.341,00
11.4.2006	110,00	110,00	109,00	109,00	109,74	-3,94	9	1.544	169.441,68
10.4.2006	113,00	113,87	109,50	113,47	110,82	-0,03	14	3.354	371.700,65
7.4.2006	114,00	114,00	110,20	113,50	113,15	-0,44	15	3.430	388.119,00
6.4.2006	112,00	114,00	110,00	114,00	112,57	0,44	13	3.484	392.197,00
5.4.2006	112,00	114,00	110,00	113,50	111,38	0,00	14	2.045	227.765,15
4.4.2006	114,00	115,00	112,00	113,50	114,61	1,34	29	5.214	597.590,80
3.4.2006	116,99	116,99	108,02	112,00	111,01	-4,27	34	5.496	610.134,20
31.3.2006	115,99	116,99	113,01	116,99	115,11	1,73	22	3.374	388.391,21
30.3.2006	115,00	115,01	114,50	115,00	114,96	0,00	28	4.663	536.046,52
29.3.2006	116,99	117,00	110,00	115,00	114,20	-1,69	36	4.137	472.455,91
28.3.2006	115,00	116,99	114,00	116,98	115,29	2,62	22	3.122	359.937,67
27.3.2006	109,00	117,00	108,00	113,99	112,89	4,58	57	8.894	1.004.013,59
24.3.2006	106,50	109,00	105,00	109,00	106,31	3,81	41	12.940	1.375.681,09
23.3.2006	102,00	107,00	102,00	105,00	104,63	5,00	47	8.885	929.673,06
22.3.2006	99,00	103,00	99,00	100,00	100,72	2,04	33	5.755	579.632,84
21.3.2006	97,10	99,99	97,00	98,00	98,03	-2,00	28	7.520	737.189,91
20.3.2006	100,50	101,00	97,00	100,00	99,00	0,00	18	2.582	255.612,82
17.3.2006	98,01	100,00	97,00	100,00	98,77	0,02	16	3.239	319.904,04
16.3.2006	99,98	99,98	99,98	99,98	99,98	0,00	1	100	9.998,00
15.3.2006	99,80	99,99	97,00	99,98	99,31	0,28	16	1.762	174.977,97
14.3.2006	97,01	99,70	97,00	99,70	97,67	3,41	8	1.112	108.606,01
13.3.2006	98,00	99,99	96,41	96,41	98,85	-3,56	4	655	64.748,55
10.3.2006	99,90	99,97	96,00	99,97	97,72	-0,03	12	1.689	165.047,76
9.3.2006	100,00	100,00	98,15	100,00	98,62	-0,98	11	1.015	100.098,82
8.3.2006	100,00	101,00	100,00	100,99	100,17	-1,85	12	1.200	120.198,50
7.3.2006	98,10	102,89	98,10	102,89	99,96	4,99	11	2.137	213.605,40
6.3.2006	101,13	103,00	98,00	98,00	99,94	-5,22	21	2.982	298.024,19
3.3.2006	103,00	103,40	101,13	103,40	101,84	-0,10	6	614	62.528,67
2.3.2006	104,00	104,00	102,00	103,50	103,08	-0,48	10	1.169	120.496,48
1.3.2006	102,50	104,00	101,01	104,00	103,18	0,48	20	4.070	419.938,10
28.2.2006	102,00	103,50	101,00	103,50	102,79	1,66	16	2.564	263.565,25
27.2.2006	102,00	103,00	101,81	101,81	102,55	-1,16	19	2.878	295.127,45
24.2.2006	101,90	103,99	101,90	103,00	102,97	2,89	27	3.898	401.366,97
23.2.2006	100,01	103,00	100,00	100,11	100,66	-3,28	11	1.188	119.582,01
22.2.2006	103,96	103,96	100,00	103,50	100,98	2,99	19	3.272	330.401,80
21.2.2006	97,00	101,00	97,00	100,50	100,00	0,51	19	2.801	280.099,05
20.2.2006	98,00	99,99	95,30	99,99	96,29	2,03	27	2.317	223.108,46
17.2.2006	99,99	100,00	98,00	98,00	99,36	-2,00	11	2.511	249.489,00
16.2.2006	95,21	100,00	95,21	100,00	99,23	5,25	27	6.805	675.255,04
15.2.2006	97,00	97,00	95,00	95,01	95,12	-4,98	13	3.208	305.145,85
14.2.2006	100,00	100,00	99,00	99,99	99,69	-3,83	15	1.418	141.357,68
13.2.2006	103,00	105,00	99,00	103,97	101,67	-0,97	26	2.976	302.559,42
10.2.2006	104,00	109,00	103,00	104,99	106,13	1,93	89	19.742	2.095.181,20
9.2.2006	95,00	106,99	92,00	103,00	99,88	13,19	126	30.209	3.017.407,09
8.2.2006	87,52	91,66	87,52	91,00	91,15	0,00	17	1.758	160.239,07
7.2.2006	91,00	91,00	87,01	91,00	89,36	-0,76	35	6.030	538.839,48
6.2.2006	89,98	92,00	87,02	91,70	90,43	1,90	33	8.869	802.024,93
3.2.2006	80,00	90,00	80,00	89,99	80,61	12,49	31	68.729	5.540.248,30
2.2.2006	83,00	85,00	80,00	80,00	82,88	-2,44	57	17.472	1.448.164,40
1.2.2006	81,50	82,99	81,50	82,00	82,15	2,42	12	1.698	139.483,86
30.1.2006	81,16	81,16	80,00	80,06	80,37	-2,37	13	3.175	255.161,90
27.1.2006	81,53	82,00	81,48	82,00	81,68	0,59	8	1.749	142.856,82
26.1.2006	82,00	82,00	81,52	81,52	81,88	0,02	2	4	327,52
25.1.2006	83,00	83,00	81,50	81,50	82,92	1,61	9	1.982	164.352,36
24.1.2006	81,00	81,00	80,10	80,21	80,33	0,26	8	1.044	83.862,97
23.1.2006	80,00	80,10	80,00	80,00	80,03	-1,23	5	1.998	159.908,80
20.1.2006	80,01	81,00	80,00	81,00	80,71	1,25	7	904	72.963,80
19.1.2006	82,00	82,00	80,00	80,00	80,08	-2,44	4	562	45.004,00
18.1.2006	82,11	82,40	82,00	82,00	82,14	0,00	8	660	54.211,90
17.1.2006	82,00	82,00	82,00	82,00	82,00	-2,38	1	116	9.512,00
16.1.2006	83,06	84,00	83,00	84,00	83,48	1,07	7	827	69.034,30
13.1.2006	83,15	83,15	83,11	83,11	83,13	-2,22	2	150	12.469,70
12.1.2006	84,99	85,00	84,99	85,00	84,99	2,41	3	350	29.746,65
10.1.2006	83,01	83,01	83,00	83,00	83,01	-0,12	2	200	16.601,25
9.1.2006	83,10	83,10	83,10	83,10	83,10	-2,24	1	200	16.620,00
5.1.2006	85,00	85,00	85,00	85,00	85,00	0,00	1	212	18.020,00
4.1.2006	85,00	85,00	85,00	85,00	85,00	0,00	1	100	8.500,00
3.1.2006	85,00	85,00	85,00	85,00	85,00	0,00	4	540	45.900,00
2.1.2006	84,99	85,00	84,99	85,00	84,99	0,00	2	500	42.497,00
30.12.2005	85,00	85,00	85,00	85,00	85,00	1,19	8	2.049	174.165,00
29.12.2005	83,01	85,00	83,01	84,00	84,52	0,60	3	634	53.584,72
28.12.2005	83,50	83,50	83,50	83,50	83,50	1,83	1	3.315	276.802,50
27.12.2005	82,01	85,00	82,00	82,00	84,36	-0,01	9	1.828	154.205,90
23.12.2005	84,00	84,99	82,00	82,01	82,84	-3,52	5	888	73.565,50
22.12.2005	83,99	85,00	83,99	85,00	84,34	6,02	5	700	59.035,99
20.12.2005	83,50	83,50	80,17	80,17	83,43	-3,41	2	592	49.392,04
19.12.2005	84,10	84,10	83,00	83,00	83,57	-3,15	4	466	38.945,60
13.12.2005	85,59	85,70	85,59	85,70	85,62	0,82	3	415	35.533,85
12.12.2005	85,01	85,99	85,00	85,00	85,38	1,19	4	307	26.210,84
9.12.2005	84,00	84,00	84,00	84,00	84,00	-1,18	1	16	1.344,00
8.12.2005	84,99	85,00	84,99	85,00	84,99	1,19	2	275	23.373,57
7.12.2005	84,10	85,00	84,00	84,00	84,08	-0,01	4	298	25.057,30
6.12.2005	84,01	84,01	84,01	84,01	84,01	-1,16	1	100	8.401,00
2.12.2005	84,00	85,00	84,00	85,00	84,39	1,67	5	370	31.225,00
1.12.2005	83,60	83,60	83,60	83,60	83,60	-1,65	1	68	5.684,80
30.11.2005	84,00	86,00	84,00	85,00	85,17	1,78	5	490	41.731,00
29.11.2005	83,51	83,51	83,51	83,51	83,51	0,01	1	158	13.194,58
28.11.2005	85,00	85,00	83,50	83,50	84,99	0,36	2	101	8.583,50
25.11.2005	83,21	83,21	83,20	83,20	83,20	-2,11	4	454	37.773,33
24.11.2005	84,03	84,99	84,02	84,99	84,27	-0,01	3	395	33.286,90
23.11.2005	85,00	85,00	85,00	85,00	85,00	0,00	2	156	13.260,00
22.11.2005	85,00	85,00	85,00	85,00	85,00	0,00	1	25	2.125,00
21.11.2005	85,00	85,00	85,00	85,00	85,00	0,00	4	547	46.495,00
18.11.2005	85,00	85,00	82,00	85,00	84,95	0,00	4	121	10.279,00
17.11.2005	85,50	85,50	85,00	85,00	85,44	-0,58	9	3.252	277.836,50
16.11.2005	85,51	85,51	85,50	85,50	85,51	-0,02	4	844	72.167,00
15.11.2005	85,50	86,00	85,50	85,52	85,55	-0,56	5	506	43.288,64
14.11.2005	86,00	87,00	85,50	86,00	85,73	0,00	10	1.828	156.716,30
11.11.2005	87,00	87,00	86,00	86,00	86,39	-1,71	8	1.137	98.220,06
10.11.2005	87,00	87,50	86,90	87,50	87,16	0,57	8	578	50.378,40
9.11.2005	87,00	87,00	87,00	87,00	87,00	0,00	1	35	3.045,00
8.11.2005	87,00	88,00	87,00	87,00	87,40	-2,25	3	248	21.676,00
4.11.2005	86,02	89,00	86,01	89,00	87,36	3,49	5	628	54.864,63
3.11.2005	85,12	86,00	85,12	86,00	85,32	-0,58	2	293	24.998,24
2.11.2005	86,50	86,50	83,00	86,50	84,88	1,76	10	3.385	287.318,00
31.10.2005	87,02	87,02	85,00	85,00	85,67	-2,86	11	1.605	137.502,05
28.10.2005	87,11	89,97	86,50	87,50	87,58	-2,78	5	1.185	103.785,10
27.10.2005	89,90	90,01	89,90	90,00	90,00	0,11	50	13.525	1.217.221,19
26.10.2005	83,99	90,00	83,99	89,90	88,26	13,05	30	5.628	496.701,84
24.10.2005	79,52	79,52	79,52	79,52	79,52	-5,33	1	3	238,56
21.10.2005	84,00	84,00	84,00	84,00	84,00	0,00	2	258	21.672,00
20.10.2005	83,61	84,00	83,00	84,00	83,46	0,48	8	1.479	123.430,40
19.10.2005	83,60	83,60	83,60	83,60	83,60	-0,48	1	90	7.524,00
18.10.2005	84,00	84,00	84,00	84,00	84,00	0,54	2	40	3.360,00
17.10.2005	84,01	84,01	83,55	83,55	83,77	-0,54	7	1.309	109.649,70
14.10.2005	84,00	84,00	84,00	84,00	84,00	0,00	4	337	28.308,00
13.10.2005	84,05	84,05	83,61	84,00	83,92	0,00	6	501	42.045,99
12.10.2005	85,02	85,02	84,00	84,00	84,75	-1,19	5	300	25.425,50
11.10.2005	85,01	85,01	85,01	85,01	85,01	0,01	1	90	7.650,90
7.10.2005	85,00	85,00	85,00	85,00	85,00	0,00	2	300	25.500,00
6.10.2005	85,00	88,10	85,00	85,00	85,77	-3,52	5	403	34.565,00
5.10.2005	88,99	89,00	88,10	88,10	88,58	-1,00	11	1.612	142.788,89
4.10.2005	87,00	90,00	87,00	88,99	89,12	4,08	15	2.340	208.534,75
3.10.2005	85,00	85,50	85,00	85,50	85,38	0,58	3	508	43.375,00
30.9.2005	85,00	85,01	84,50	85,01	84,86	0,01	10	1.457	123.647,02
29.9.2005	85,02	85,50	84,51	85,00	85,22	-2,30	14	2.470	210.503,33
28.9.2005	87,00	87,00	87,00	87,00	87,00	0,06	4	284	24.708,00
27.9.2005	87,00	87,00	86,95	86,95	86,98	2,29	3	185	16.090,50
26.9.2005	86,00	86,00	85,00	85,00	85,36	-5,55	6	1.196	102.088,00
23.9.2005	84,98	89,99	84,98	89,99	85,62	5,88	13	1.308	111.989,39
22.9.2005	82,49	84,99	82,49	84,99	83,06	3,65	14	1.577	130.992,48
21.9.2005	80,00	82,00	80,00	82,00	81,14	2,50	12	2.400	194.746,06
20.9.2005	79,00	80,00	79,00	80,00	79,72	0,76	12	2.689	214.367,55
19.9.2005	79,40	79,40	79,40	79,40	79,40	1,79	4	280	22.232,00
16.9.2005	79,94	79,94	78,00	78,00	79,02	-1,27	2	237	18.728,50
15.9.2005	79,99	79,99	79,00	79,00	79,82	0,00	4	330	26.340,27
14.9.2005	77,51	79,00	77,00	79,00	77,69	2,60	9	1.141	88.646,59
13.9.2005	78,00	78,00	77,00	77,00	77,00	0,00	7	639	49.205,00
12.9.2005	77,00	77,00	77,00	77,00	77,00	1,99	1	100	7.700,00
9.9.2005	77,03	77,05	75,50	75,50	76,52	-1,96	9	408	31.221,38
8.9.2005	77,01	77,01	77,01	77,01	77,01	0,01	1	121	9.318,21
7.9.2005	77,01	77,01	76,99	77,00	77,00	0,00	13	1.920	147.839,34
6.9.2005	77,12	77,14	77,00	77,00	77,12	0,00	5	466	35.936,36
5.9.2005	77,02	77,02	77,00	77,00	77,01	-0,03	3	526	40.505,64
2.9.2005	77,00	77,50	77,00	77,02	77,02	0,01	7	1.457	112.222,14
1.9.2005	80,00	80,00	77,01	77,01	78,13	-3,74	8	416	32.500,11
31.8.2005	80,00	80,00	80,00	80,00	80,00	-1,23	3	169	13.520,00
30.8.2005	78,60	81,00	78,60	81,00	80,02	3,18	8	1.810	144.844,95
29.8.2005	82,50	82,50	78,50	78,50	80,23	-5,42	11	1.060	85.047,19
26.8.2005	81,60	83,00	80,01	83,00	82,54	2,47	6	362	29.879,50
25.8.2005	82,00	82,00	81,00	81,00	81,05	-1,22	3	219	17.750,00
24.8.2005	83,00	83,00	82,00	82,00	82,43	-1,20	6	585	48.219,60
23.8.2005	83,00	83,00	82,10	83,00	83,00	0,00	5	301	24.982,10
22.8.2005	83,00	83,00	82,10	83,00	82,75	1,10	6	898	74.312,60
19.8.2005	80,99	83,00	80,99	82,10	81,79	1,36	10	1.851	151.389,55
18.8.2005	81,09	81,10	81,00	81,00	81,05	-0,02	5	1.200	97.257,50
17.8.2005	81,03	82,00	81,02	81,02	81,63	-0,11	5	800	65.304,59
16.8.2005	81,00	81,12	81,00	81,11	81,10	0,00	5	590	47.849,59
12.8.2005	81,03	81,12	81,00	81,11	81,07	0,14	5	694	56.260,50
11.8.2005	81,00	81,57	81,00	81,00	81,20	0,58	4	699	56.761,50
10.8.2005	80,54	80,54	80,53	80,53	80,53	0,01	4	390	31.407,28
9.8.2005	80,52	80,52	80,51	80,52	80,52	0,27	9	1.642	132.207,40
8.8.2005	80,30	80,30	80,30	80,30	80,30	-0,01	1	100	8.030,00
4.8.2005	80,10	80,31	80,07	80,31	80,11	0,29	3	378	30.280,26
3.8.2005	80,00	82,50	79,00	80,08	80,26	0,18	8	1.637	131.384,96
2.8.2005	78,30	79,94	78,30	79,94	78,54	3,15	7	3.633	285.321,70
1.8.2005	79,50	79,98	77,01	77,50	77,87	1,97	6	1.101	85.736,20
29.7.2005	77,00	77,00	74,00	76,00	75,42	-1,30	12	1.308	98.649,00
28.7.2005	78,00	78,01	77,00	77,00	77,26	-1,28	11	2.589	200.036,60
27.7.2005	78,12	78,12	77,00	78,00	77,32	-2,50	12	1.761	136.160,96
26.7.2005	80,06	80,06	80,00	80,00	80,01	-1,23	8	1.593	127.459,75
22.7.2005	80,50	81,00	80,50	81,00	80,77	1,25	2	220	17.770,00
21.7.2005	80,00	80,00	80,00	80,00	80,00	0,00	2	90	7.200,00
20.7.2005	80,02	80,02	79,00	80,00	79,57	-1,23	6	700	55.699,30
19.7.2005	81,00	81,00	81,00	81,00	81,00	1,22	1	40	3.240,00
18.7.2005	80,03	80,03	80,02	80,02	80,02	0,00	4	327	26.168,17
15.7.2005	81,00	81,00	80,02	80,02	80,23	-0,16	8	1.000	80.233,40
14.7.2005	80,15	80,15	80,15	80,15	80,15	0,16	1	12	961,80
12.7.2005	81,00	81,00	80,02	80,02	80,45	0,03	3	488	39.257,52
11.7.2005	80,02	80,02	79,99	80,00	80,01	0,00	6	1.030	82.409,60
8.7.2005	81,00	81,00	80,00	80,00	80,10	-1,25	6	1.050	84.105,00
7.7.2005	81,01	81,01	81,01	81,01	81,01	0,01	1	220	17.822,20
6.7.2005	81,01	81,01	81,00	81,00	81,01	0,00	3	500	40.502,50
5.7.2005	81,00	81,00	81,00	81,00	81,00	1,25	1	40	3.240,00
4.7.2005	81,00	81,00	80,00	80,00	80,32	-3,61	5	792	63.617,00
1.7.2005	83,00	83,00	83,00	83,00	83,00	-1,19	2	84	6.972,00
30.6.2005	82,00	84,50	80,01	84,00	83,06	1,19	7	944	78.411,79
29.6.2005	84,50	84,50	82,99	83,01	83,01	-1,18	7	1.362	113.061,02
28.6.2005	84,00	84,00	84,00	84,00	84,00	0,60	2	50	4.200,00
27.6.2005	83,00	83,50	83,00	83,50	83,30	0,85	6	1.256	104.626,00
24.6.2005	81,00	82,80	81,00	82,80	81,32	3,50	4	734	59.691,00
23.6.2005	79,99	80,00	79,99	80,00	80,00	0,03	6	446	35.678,00
21.6.2005	80,00	80,00	79,98	79,98	79,98	1,24	2	115	9.198,00
20.6.2005	78,69	79,00	75,71	79,00	76,91	5,33	9	1.208	92.907,53
16.6.2005	75,00	75,00	75,00	75,00	75,00	0,00	2	100	7.500,00
15.6.2005	73,10	75,00	73,10	75,00	74,65	0,13	9	786	58.672,40
13.6.2005	74,90	74,90	74,90	74,90	74,90	-0,13	1	16	1.198,40
10.6.2005	76,00	76,00	75,00	75,00	75,37	-1,32	2	81	6.105,00
9.6.2005	76,00	76,00	76,00	76,00	76,00	0,00	2	95	7.220,00
7.6.2005	76,00	76,00	76,00	76,00	76,00	1,33	1	193	14.668,00
6.6.2005	74,00	75,00	74,00	75,00	74,86	0,00	3	349	26.126,00
2.6.2005	76,00	76,00	75,00	75,00	75,47	-0,71	5	549	41.435,50
31.5.2005	75,55	75,55	75,54	75,54	75,55	-5,56	3	201	15.184,64
27.5.2005	79,99	79,99	79,99	79,99	79,99	4,15	1	82	6.559,18
24.5.2005	76,80	76,80	76,80	76,80	76,80	-4,00	1	120	9.216,00
23.5.2005	79,50	80,00	79,50	80,00	79,76	0,00	5	416	33.180,00
20.5.2005	80,01	80,01	76,01	80,00	79,98	-0,01	6	202	16.156,39
19.5.2005	80,01	80,01	80,00	80,01	80,00	0,01	4	538	43.040,81
17.5.2005	80,15	80,15	80,00	80,00	80,05	-0,12	7	711	56.914,80
16.5.2005	80,10	80,10	80,10	80,10	80,10	0,00	1	180	14.418,00
13.5.2005	80,10	80,10	80,10	80,10	80,10	0,00	1	314	25.151,40
11.5.2005	80,55	80,55	80,10	80,10	80,38	-0,07	9	1.208	97.097,65
10.5.2005	80,16	80,16	80,16	80,16	80,16	-2,24	1	100	8.016,00
6.5.2005	81,99	82,00	81,99	82,00	81,99	2,36	3	50	4.099,70
5.5.2005	80,06	80,11	80,06	80,11	80,08	0,14	2	315	25.223,65
2.5.2005	80,01	80,01	80,00	80,00	80,00	0,00	5	371	29.680,66
29.4.2005	80,70	80,70	80,00	80,00	80,14	0,00	7	2.444	195.857,50
28.4.2005	80,05	80,05	80,00	80,00	80,02	0,00	7	1.061	84.899,00
27.4.2005	80,00	80,00	80,00	80,00	80,00	0,00	5	323	25.840,00
26.4.2005	80,00	80,00	80,00	80,00	80,00	-0,87	10	1.060	84.800,00
25.4.2005	80,00	80,70	80,00	80,70	80,02	-0,37	3	595	47.614,00
22.4.2005	81,02	81,02	81,00	81,00	81,01	0,00	5	306	24.788,60
21.4.2005	81,01	81,01	81,00	81,00	81,01	0,00	2	250	20.252,00
19.4.2005	81,01	81,01	81,00	81,00	81,00	-1,11	2	100	8.100,32
18.4.2005	82,92	84,00	81,91	81,91	82,62	-2,48	7	653	53.949,09
15.4.2005	85,00	85,00	83,21	83,99	84,04	-0,01	7	940	78.998,55
14.4.2005	84,00	84,00	84,00	84,00	84,00	0,60	3	258	21.672,00
13.4.2005	83,00	84,00	83,00	83,50	83,36	2,45	4	288	24.007,00
12.4.2005	80,75	81,50	80,73	81,50	81,19	1,12	6	817	66.336,23
11.4.2005	80,61	80,61	80,60	80,60	80,60	0,62	2	322	25.953,50
8.4.2005	80,00	82,10	80,00	80,10	80,70	0,13	13	5.456	440.284,00
7.4.2005	80,00	81,00	72,00	80,00	79,27	-1,22	13	1.251	99.165,86
6.4.2005	80,99	80,99	80,99	80,99	80,99	1,24	1	100	8.099,00
4.4.2005	81,00	81,00	80,00	80,00	80,64	-5,33	4	1.661	133.941,00
31.3.2005	80,51	84,50	80,00	84,50	81,19	5,63	8	693	56.261,53
30.3.2005	80,00	80,00	80,00	80,00	80,00	0,00	2	412	32.960,00
29.3.2005	80,00	80,00	80,00	80,00	80,00	0,00	1	98	7.840,00
24.3.2005	80,00	80,00	80,00	80,00	80,00	-0,01	1	83	6.640,00
22.3.2005	80,64	80,64	80,01	80,01	80,11	-5,87	6	899	72.016,29
21.3.2005	84,00	85,00	84,00	85,00	84,44	5,43	2	180	15.200,00
17.3.2005	80,62	80,62	80,62	80,62	80,62	-5,15	1	100	8.062,00
16.3.2005	85,00	85,00	85,00	85,00	85,00	0,00	1	58	4.930,00
15.3.2005	85,00	85,00	85,00	85,00	85,00	5,55	1	100	8.500,00
14.3.2005	81,01	81,10	80,53	80,53	80,72	-9,52	5	314	25.346,48
8.3.2005	89,00	89,00	89,00	89,00	89,00	0,00	1	59	5.251,00
7.3.2005	89,00	89,00	89,00	89,00	89,00	4,71	2	141	12.549,00
4.3.2005	85,00	85,00	85,00	85,00	85,00	0,00	2	327	27.795,00
3.3.2005	85,00	85,00	85,00	85,00	85,00	2,41	1	100	8.500,00
2.3.2005	89,90	89,99	83,00	83,00	88,18	-6,74	8	1.211	106.786,12
1.3.2005	89,00	89,00	89,00	89,00	89,00	4,71	2	360	32.040,00
25.2.2005	86,00	86,00	85,00	85,00	85,21	0,00	6	512	43.627,00
23.2.2005	89,98	89,99	85,00	85,00	87,57	-5,56	5	507	44.396,72
22.2.2005	92,00	92,00	90,00	90,00	90,71	0,00	6	481	43.632,00
21.2.2005	90,00	93,50	90,00	90,00	91,38	0,00	17	1.406	128.476,60
18.2.2005	90,00	90,00	90,00	90,00	90,00	-2,17	1	2	180,00
17.2.2005	92,00	92,00	92,00	92,00	92,00	2,22	1	20	1.840,00
16.2.2005	90,00	92,00	90,00	90,00	90,02	0,00	10	4.032	362.970,50
15.2.2005	88,90	90,00	88,90	90,00	89,60	1,24	8	965	86.467,00
14.2.2005	88,90	88,90	88,90	88,90	88,90	11,13	1	120	10.668,00
11.2.2005	81,05	81,05	80,00	80,00	80,29	-10,11	10	1.976	158.649,10
10.2.2005	89,00	89,00	89,00	89,00	89,00	-1,11	2	226	20.114,00
9.2.2005	90,01	90,01	90,00	90,00	90,00	-4,26	7	1.568	141.121,26
8.2.2005	94,01	94,01	94,00	94,00	94,01	-3,07	2	110	10.341,00
7.2.2005	98,00	98,76	96,00	96,98	97,25	1,02	15	1.124	109.312,10
4.2.2005	95,00	96,00	95,00	96,00	95,94	2,13	8	1.812	173.852,00
3.2.2005	93,00	94,00	92,00	94,00	92,12	4,43	23	6.176	568.960,30
2.2.2005	92,50	93,00	90,01	90,01	91,23	-3,22	6	760	69.332,00
1.2.2005	92,99	93,50	90,04	93,00	92,31	0,54	10	1.885	174.008,74
31.1.2005	90,00	92,50	88,99	92,50	91,35	3,93	24	3.445	314.692,52
28.1.2005	82,10	90,00	81,61	89,00	87,42	8,54	21	3.616	316.120,24
27.1.2005	84,50	84,90	81,51	82,00	82,63	-2,96	6	552	45.611,96
26.1.2005	85,01	85,01	84,50	84,50	84,94	1,19	6	724	61.496,00
25.1.2005	89,97	89,97	83,51	83,51	85,16	-7,11	6	752	64.042,98
24.1.2005	89,89	89,97	89,65	89,90	89,79	12,33	8	960	86.200,17
21.1.2005	84,99	89,98	80,03	80,03	81,86	-3,58	12	4.667	382.051,17
20.1.2005	81,10	84,97	80,00	83,00	80,48	3,75	22	5.394	434.093,73
19.1.2005	80,01	81,00	78,00	80,00	79,97	-5,88	31	6.938	554.859,60
18.1.2005	92,00	92,00	80,01	85,00	84,77	-8,59	10	2.447	207.438,89
17.1.2005	93,50	93,50	92,99	92,99	93,44	-2,12	5	848	79.232,92
14.1.2005	98,00	100,00	93,50	95,00	96,83	-3,06	21	3.511	339.970,50
13.1.2005	89,50	98,00	89,00	98,00	92,10	9,50	51	6.267	577.204,01
12.1.2005	79,99	89,99	79,99	89,50	84,71	14,74	28	4.398	372.537,84
11.1.2005	74,99	78,00	73,99	78,00	75,00	8,33	21	3.753	281.456,91
10.1.2005	63,01	72,00	63,01	72,00	66,90	9,11	18	5.937	397.164,75
7.1.2005	64,00	66,00	64,00	65,99	64,88	1,52	7	3.521	228.433,00
5.1.2005	64,90	65,00	64,90	65,00	64,92	6,56	5	624	40.510,00
4.1.2005	62,00	62,00	61,00	61,00	61,16	-12,84	6	1.000	61.159,00
3.1.2005	59,98	69,99	59,98	69,99	60,41	24,45	6	455	27.485,79
30.12.2004	59,98	59,98	56,24	56,24	59,16	-6,27	5	274	16.209,36
29.12.2004	60,00	60,00	60,00	60,00	60,00	6,95	2	799	47.940,00
28.12.2004	62,99	62,99	56,10	56,10	59,26	-6,50	9	1.582	93.749,90
23.12.2004	59,00	60,00	59,00	60,00	59,94	8,89	6	3.220	193.012,62
22.12.2004	56,00	56,00	55,10	55,10	55,69	0,18	4	429	23.889,00
21.12.2004	54,99	55,00	54,99	55,00	54,99	0,92	2	850	46.745,00
20.12.2004	54,50	54,50	54,50	54,50	54,50	-0,91	1	895	48.777,50
17.12.2004	55,00	55,00	55,00	55,00	55,00	0,00	3	782	43.010,00
16.12.2004	55,00	55,00	55,00	55,00	55,00	0,00	3	646	35.530,00
15.12.2004	55,00	55,00	55,00	55,00	55,00	0,00	4	580	31.900,00
9.12.2004	54,20	55,00	54,20	55,00	54,91	1,48	2	170	9.334,00
8.12.2004	57,00	57,00	54,20	54,20	56,86	0,00	3	381	21.663,80
7.12.2004	54,20	54,20	54,20	54,20	54,20	-4,91	1	11	596,20
3.12.2004	57,00	57,00	57,00	57,00	57,00	-3,39	1	200	11.400,00
2.12.2004	59,00	59,00	59,00	59,00	59,00	6,17	1	83	4.897,00
1.12.2004	57,00	57,00	55,57	55,57	56,74	1,96	2	222	12.596,80
30.11.2004	54,18	56,99	54,18	54,50	55,25	-0,91	3	266	14.697,27
29.11.2004	63,99	63,99	55,00	55,00	56,60	-14,05	13	3.499	198.044,04
26.11.2004	63,99	63,99	63,99	63,99	63,99	-1,54	1	40	2.559,60
23.11.2004	64,99	64,99	64,99	64,99	64,99	8,30	1	1	64,99
22.11.2004	62,63	62,63	60,01	60,01	61,07	-4,75	6	1.000	61.066,00
19.11.2004	64,01	64,99	63,00	63,00	63,65	-3,08	4	621	39.525,71
18.11.2004	65,00	65,00	65,00	65,00	65,00	0,00	2	443	28.795,00
17.11.2004	65,00	65,00	65,00	65,00	65,00	0,00	4	621	40.365,00
16.11.2004	65,00	69,00	65,00	65,00	65,01	8,33	13	5.219	339.263,00
15.11.2004	60,00	60,00	60,00	60,00	60,00	-7,69	1	160	9.600,00
12.11.2004	65,00	65,00	64,00	65,00	64,75	0,00	7	3.150	203.960,00
11.11.2004	66,17	66,51	65,00	65,00	65,94	-1,54	7	1.272	83.870,70
10.11.2004	71,50	71,50	66,02	66,02	66,97	-9,56	5	1.543	103.332,25
9.11.2004	74,50	74,50	73,00	73,00	73,86	-2,67	3	333	24.595,50
8.11.2004	75,00	75,00	75,00	75,00	75,00	1,35	3	382	28.650,00
5.11.2004	70,00	74,00	70,00	74,00	71,59	5,71	3	757	54.190,00
4.11.2004	70,00	70,00	70,00	70,00	70,00	0,00	2	100	7.000,00
3.11.2004	70,00	70,00	70,00	70,00	70,00	-2,78	10	1.255	87.850,00
2.11.2004	73,00	73,00	72,00	72,00	72,92	-1,37	7	962	70.150,82
29.10.2004	68,00	73,00	68,00	73,00	70,63	4,36	9	1.270	89.699,20
28.10.2004	70,00	70,00	69,95	69,95	69,95	-3,52	2	116	8.114,50
27.10.2004	72,00	72,50	72,00	72,50	72,08	11,54	2	300	21.625,00
26.10.2004	74,10	74,10	65,00	65,00	71,49	-10,34	3	270	19.301,00
25.10.2004	70,00	72,50	70,00	72,50	71,32	6,62	7	964	68.755,00
22.10.2004	62,00	68,00	62,00	68,00	65,73	13,33	7	450	29.580,00
21.10.2004	66,21	66,21	60,00	60,00	64,51	-13,04	8	1.050	67.736,80
20.10.2004	72,00	72,00	69,00	69,00	69,78	-1,43	8	1.741	121.478,33
19.10.2004	74,96	75,00	70,00	70,00	72,38	-6,62	19	3.503	253.557,38
18.10.2004	64,90	75,00	64,90	74,96	70,96	15,50	16	2.850	202.245,57
15.10.2004	58,00	64,90	58,00	64,90	59,93	18,00	13	1.275	76.408,32
14.10.2004	52,00	55,00	52,00	55,00	53,94	9,89	5	708	38.186,00
13.10.2004	49,99	50,05	49,99	50,05	50,01	2,14	7	1.845	92.262,88
12.10.2004	49,00	49,00	49,00	49,00	49,00	-1,80	1	185	9.065,00
11.10.2004	48,00	49,90	48,00	49,90	48,86	10,89	2	730	35.667,00
6.10.2004	45,01	45,01	45,00	45,00	45,01	-6,25	2	300	13.502,00
5.10.2004	45,00	48,00	45,00	48,00	45,86	6,67	3	700	32.100,00
1.10.2004	45,00	45,00	45,00	45,00	45,00	-5,26	1	235	10.575,00
30.9.2004	47,50	47,50	47,50	47,50	47,50	9,20	2	430	20.425,00
29.9.2004	43,49	43,50	43,49	43,50	43,49	-2,25	3	300	13.047,50
24.9.2004	44,50	44,50	44,50	44,50	44,50	-5,32	2	780	34.710,00
23.9.2004	41,01	47,00	41,01	47,00	44,41	4,40	2	234	10.393,01
16.9.2004	45,00	45,02	45,00	45,02	45,00	-7,18	2	566	25.471,32
14.9.2004	48,00	48,50	48,00	48,50	48,38	-2,02	3	200	9.675,00
13.9.2004	49,50	49,50	47,00	49,50	48,34	3,13	3	561	27.117,00
10.9.2004	45,00	48,00	45,00	48,00	45,46	6,67	4	865	39.325,00
9.9.2004	44,99	45,00	42,01	45,00	43,40	0,00	7	1.300	56.423,36
8.9.2004	40,04	45,00	40,04	45,00	41,91	12,50	3	1.080	45.268,00
7.9.2004	39,50	40,00	39,50	40,00	39,80	1,27	5	1.038	41.314,69
6.9.2004	35,89	39,50	35,89	39,50	38,03	11,27	4	614	23.349,15
3.9.2004	35,50	35,50	35,50	35,50	35,50	10,94	3	436	15.478,00
2.9.2004	32,00	32,00	32,00	32,00	32,00	0,00	1	246	7.872,00
1.9.2004	32,00	32,00	32,00	32,00	32,00	0,00	1	129	4.128,00
23.8.2004	32,00	32,00	32,00	32,00	32,00	3,23	1	1.000	32.000,00
20.8.2004	33,55	33,55	31,00	31,00	33,14	-7,60	5	614	20.345,90
19.8.2004	33,56	33,56	33,55	33,55	33,56	-9,32	2	300	10.067,00
13.8.2004	37,00	37,00	37,00	37,00	37,00	8,82	1	141	5.217,00
12.8.2004	35,95	35,95	34,00	34,00	35,92	0,00	2	225	8.082,90
11.8.2004	34,00	34,00	34,00	34,00	34,00	-9,33	1	97	3.298,00
9.8.2004	38,00	39,98	37,50	37,50	38,44	-0,27	8	1.431	55.013,00
6.8.2004	37,00	37,60	37,00	37,60	37,41	10,59	2	257	9.615,20
4.8.2004	33,00	34,00	33,00	34,00	33,76	3,03	6	370	12.493,00
3.8.2004	31,00	33,00	31,00	33,00	32,39	10,00	8	1.741	56.396,50
2.8.2004	30,97	30,98	30,00	30,00	30,28	-3,13	3	1.406	42.575,82
30.7.2004	28,50	31,00	28,50	30,97	28,97	6,79	5	1.074	31.114,76
29.7.2004	28,50	29,00	28,50	29,00	28,96	-15,94	3	660	19.115,00
28.7.2004	32,50	34,50	32,50	34,50	33,15	18,97	3	434	14.387,00
27.7.2004	28,98	29,00	28,98	29,00	28,99	0,03	5	2.121	61.490,55
26.7.2004	28,98	28,99	28,98	28,99	28,99	-0,03	3	400	11.594,00
23.7.2004	29,00	29,00	29,00	29,00	29,00	31,82	1	200	5.800,00
22.7.2004	25,46	25,46	22,00	22,00	23,43	-13,59	3	487	11.408,00
21.7.2004	25,46	25,46	25,46	25,46	25,46	21,24	1	200	5.092,00
19.7.2004	19,00	21,00	19,00	21,00	20,43	16,67	7	2.666	54.468,20
15.7.2004	18,98	19,00	18,00	18,00	18,39	0,00	5	850	15.627,44
14.7.2004	18,00	18,00	18,00	18,00	18,00	0,00	1	472	8.496,00
13.7.2004	18,00	18,00	18,00	18,00	18,00	3,09	2	500	9.000,00
2.7.2004	17,49	17,49	17,46	17,46	17,48	0,34	3	391	6.834,42
30.6.2004	17,40	17,40	17,40	17,40	17,40	-8,42	1	200	3.480,00
17.6.2004	19,00	19,00	19,00	19,00	19,00	10,79	1	420	7.980,00
15.6.2004	17,15	17,15	17,15	17,15	17,15	0,70	1	327	5.608,05
9.6.2004	18,00	18,00	17,03	17,03	17,12	0,18	2	487	8.339,20
7.6.2004	17,00	17,00	17,00	17,00	17,00	-5,56	2	12	204,00
2.6.2004	17,90	18,00	17,90	18,00	17,95	5,94	2	953	17.104,00
1.6.2004	16,99	16,99	16,99	16,99	16,99	5,33	1	47	798,53
31.5.2004	16,13	16,13	16,13	16,13	16,13	-7,83	1	80	1.290,40
28.5.2004	15,00	17,50	15,00	17,50	15,89	2,94	2	2.800	44.500,00
26.5.2004	17,00	17,00	17,00	17,00	17,00	-0,58	1	360	6.120,00
6.5.2004	17,00	17,10	17,00	17,10	17,08	0,59	2	347	5.927,00
5.5.2004	17,00	17,00	17,00	17,00	17,00	0,00	1	254	4.318,00
4.5.2004	17,00	17,00	17,00	17,00	17,00	0,00	1	246	4.182,00
28.4.2004	17,01	17,01	17,00	17,00	17,00	-1,45	2	1.100	18.701,00
22.4.2004	17,27	17,27	17,25	17,25	17,26	0,00	2	425	7.336,25
16.4.2004	17,25	17,25	17,25	17,25	17,25	0,00	1	118	2.035,50
15.4.2004	17,48	17,48	17,25	17,25	17,37	-1,32	4	1.145	19.889,25
14.4.2004	17,48	17,48	17,48	17,48	17,48	1,33	1	250	4.370,00
8.4.2004	17,26	17,26	17,25	17,25	17,26	-1,43	2	200	3.451,38
2.4.2004	17,10	17,50	17,10	17,50	17,37	1,04	3	1.562	27.135,00
1.4.2004	17,55	17,60	17,30	17,32	17,44	-1,65	6	890	15.518,00
29.3.2004	17,61	17,61	17,61	17,61	17,61	0,00	1	200	3.522,00
22.3.2004	17,61	17,61	17,61	17,61	17,61	-2,17	1	76	1.338,36
17.3.2004	18,00	18,00	18,00	18,00	18,00	0,00	1	100	1.800,00
16.3.2004	18,00	18,00	18,00	18,00	18,00	2,21	1	664	11.952,00
9.3.2004	17,61	17,61	17,61	17,61	17,61	-2,17	1	50	880,50
26.2.2004	18,00	18,00	18,00	18,00	18,00	-0,55	3	239	4.302,00
24.2.2004	18,10	18,10	18,10	18,10	18,10	0,00	2	514	9.303,40
23.2.2004	18,02	18,10	18,02	18,10	18,09	0,56	4	1.230	22.247,00
20.2.2004	18,00	18,00	18,00	18,00	18,00	0,00	7	1.419	25.542,00
19.2.2004	17,50	18,00	17,50	18,00	17,58	0,00	2	256	4.500,00
18.2.2004	18,02	18,02	18,00	18,00	18,01	0,00	3	1.550	27.920,00
17.2.2004	18,03	18,03	18,00	18,00	18,01	-2,70	7	2.050	36.930,00
12.2.2004	18,50	18,50	18,50	18,50	18,50	-5,13	1	200	3.700,00
10.2.2004	19,92	19,92	19,50	19,50	19,58	8,33	2	250	4.896,00
5.2.2004	18,03	18,03	18,00	18,00	18,01	0,00	4	746	13.435,00
30.1.2004	18,50	18,50	18,00	18,00	18,07	0,00	3	580	10.480,00
29.1.2004	18,08	18,08	18,00	18,00	18,06	-5,26	3	400	7.225,20
28.1.2004	19,99	20,00	19,00	19,00	19,36	5,56	4	690	13.358,50
23.1.2004	18,00	18,00	18,00	18,00	18,00	-0,06	2	613	11.034,00
22.1.2004	18,01	18,01	18,01	18,01	18,01	-6,20	2	1.000	18.010,00
21.1.2004	19,50	19,50	19,20	19,20	19,49	-3,95	4	312	6.080,40
20.1.2004	19,50	20,00	19,50	19,99	19,87	5,21	8	1.751	34.791,75
19.1.2004	19,00	19,00	19,00	19,00	19,00	0,53	2	152	2.888,00
16.1.2004	18,90	18,90	18,90	18,90	18,90	5,00	1	20	378,00
15.1.2004	18,00	18,00	18,00	18,00	18,00	0,00	6	1.500	27.000,00
14.1.2004	18,00	18,00	18,00	18,00	18,00	-5,06	2	1.939	34.902,00
12.1.2004	18,96	18,96	18,96	18,96	18,96	0,00	1	23	436,08
8.1.2004	18,96	18,96	18,96	18,96	18,96	-0,05	2	327	6.199,92
7.1.2004	18,98	18,98	18,97	18,97	18,98	11,59	2	110	2.087,70
29.12.2003	17,00	17,00	17,00	17,00	17,00	0,29	4	582	9.894,00
17.12.2003	17,00	17,00	16,16	16,95	16,49	-0,29	4	329	5.425,08
12.12.2003	17,00	17,00	17,00	17,00	17,00	0,00	1	350	5.950,00
3.12.2003	17,05	17,05	17,00	17,00	17,03	-14,57	2	215	3.660,75
2.12.2003	19,90	19,90	19,90	19,90	19,90	13,71	1	15	298,50
1.12.2003	17,50	17,50	17,50	17,50	17,50	0,00	1	150	2.625,00
25.11.2003	17,50	17,50	17,50	17,50	17,50	-2,78	2	400	7.000,00
11.11.2003	18,00	18,00	18,00	18,00	18,00	-4,61	1	200	3.600,00
10.11.2003	18,87	18,87	18,87	18,87	18,87	2,00	1	450	8.491,50
7.11.2003	18,50	18,50	18,50	18,50	18,50	2,72	1	100	1.850,00
6.11.2003	18,00	18,01	18,00	18,01	18,01	0,06	3	576	10.371,76
5.11.2003	18,00	18,00	18,00	18,00	18,00	-0,06	1	100	1.800,00
4.11.2003	17,99	18,01	17,99	18,01	18,00	6,25	3	577	10.387,77
27.10.2003	16,95	16,95	16,95	16,95	16,95	-0,47	2	256	4.339,20
14.10.2003	17,07	17,07	17,03	17,03	17,05	-7,80	3	600	10.232,00
30.9.2003	18,47	18,47	18,47	18,47	18,47	3,59	2	100	1.847,00
26.9.2003	17,83	17,83	17,83	17,83	17,83	-0,94	1	250	4.457,50
18.9.2003	18,00	18,00	18,00	18,00	18,00	0,00	2	1.000	18.000,00
16.9.2003	18,00	18,00	18,00	18,00	18,00	0,00	1	307	5.526,00
28.8.2003	18,00	18,00	18,00	18,00	18,00	-7,69	2	829	14.922,00
13.8.2003	19,49	19,50	19,49	19,50	19,50	0,00	3	400	7.798,00
30.7.2003	19,50	19,50	19,50	19,50	19,50	8,33	1	300	5.850,00
24.7.2003	18,00	18,00	18,00	18,00	18,00	0,00	2	500	9.000,00
23.7.2003	18,00	18,00	18,00	18,00	18,00	2,86	1	250	4.500,00
16.7.2003	17,50	17,50	17,50	17,50	17,50	-0,28	4	380	6.650,00
14.7.2003	17,55	17,55	17,55	17,55	17,55	0,29	3	893	15.672,15
11.7.2003	17,00	17,50	17,00	17,50	17,41	2,94	2	550	9.575,00
3.7.2003	18,00	18,00	17,00	17,00	17,23	-12,78	4	274	4.721,83
26.6.2003	19,49	19,49	19,49	19,49	19,49	8,28	1	15	292,35
23.6.2003	18,00	18,00	18,00	18,00	18,00	0,00	1	100	1.800,00
18.6.2003	18,00	18,00	18,00	18,00	18,00	0,00	1	75	1.350,00
16.6.2003	18,00	18,00	18,00	18,00	18,00	2,86	1	280	5.040,00
5.6.2003	17,50	17,50	17,50	17,50	17,50	1,86	1	500	8.750,00
3.6.2003	17,18	17,18	17,18	17,18	17,18	-17,80	2	152	2.611,36
30.5.2003	20,90	20,90	20,90	20,90	20,90	21,72	1	21	438,90
29.5.2003	17,20	17,20	17,17	17,17	17,17	0,82	2	215	3.692,15
26.5.2003	17,04	17,04	17,03	17,03	17,04	-2,69	2	250	4.259,50
23.5.2003	17,50	17,50	17,50	17,50	17,50	2,94	1	500	8.750,00
21.5.2003	17,01	17,01	17,00	17,00	17,01	-2,86	2	280	4.762,50
13.5.2003	16,80	17,50	16,80	17,50	17,34	2,94	4	643	11.152,40
12.5.2003	17,00	17,00	17,00	17,00	17,00	-0,29	1	268	4.556,00
6.5.2003	17,08	17,08	17,05	17,05	17,06	-0,06	6	1.543	26.319,18
5.5.2003	17,06	17,06	17,06	17,06	17,06	0,06	1	299	5.100,94
30.4.2003	17,05	17,05	17,05	17,05	17,05	-5,28	1	58	988,90
29.4.2003	18,01	18,01	18,00	18,00	18,00	-0,06	2	150	2.700,50
28.4.2003	18,01	18,01	18,01	18,01	18,01	-2,65	1	100	1.801,00
25.4.2003	18,50	18,50	18,50	18,50	18,50	-2,63	1	300	5.550,00
23.4.2003	19,00	19,00	19,00	19,00	19,00	0,00	1	96	1.824,00
22.4.2003	19,00	20,00	19,00	19,00	19,05	10,40	3	420	7.999,00
16.4.2003	17,22	17,22	17,21	17,21	17,22	-1,77	2	254	4.372,84
19.3.2003	18,10	18,10	17,52	17,52	17,81	-7,79	2	200	3.562,00
12.3.2003	19,00	19,00	19,00	19,00	19,00	0,00	1	100	1.900,00
3.3.2003	20,00	20,00	19,00	19,00	19,97	-5,00	5	471	9.404,00
27.2.2003	20,00	21,00	19,99	20,00	20,45	2,56	6	1.000	20.447,98
13.2.2003	19,50	19,50	19,50	19,50	19,50	-0,10	2	140	2.730,00
12.2.2003	20,00	20,00	19,52	19,52	19,73	-7,00	2	234	4.615,68
6.2.2003	20,99	20,99	20,99	20,99	20,99	2,39	1	100	2.099,00
5.2.2003	20,50	20,50	20,50	20,50	20,50	-2,33	1	200	4.100,00
4.2.2003	20,99	20,99	20,99	20,99	20,99	-0,05	2	500	10.495,00
31.1.2003	20,00	21,00	20,00	21,00	20,94	0,00	4	517	10.827,00
30.1.2003	21,00	21,00	21,00	21,00	21,00	-4,55	2	663	13.923,00
17.1.2003	22,00	22,00	22,00	22,00	22,00	4,81	1	50	1.100,00
14.1.2003	20,99	20,99	20,99	20,99	20,99	-12,51	1	90	1.889,10
30.12.2002	23,99	23,99	23,99	23,99	23,99	17,08	1	40	959,60
19.12.2002	19,97	20,49	19,97	20,49	20,13	2,55	3	1.040	20.931,30
18.12.2002	19,98	19,98	19,98	19,98	19,98	17,32	1	500	9.990,00
16.12.2002	18,50	18,50	17,03	17,03	17,94	-10,37	5	701	12.575,03
13.12.2002	19,00	19,00	19,00	19,00	19,00	2,70	1	100	1.900,00
12.12.2002	18,50	18,50	18,50	18,50	18,50	8,82	1	50	925,00
3.12.2002	17,00	17,00	17,00	17,00	17,00	-5,82	1	50	850,00
27.11.2002	18,15	18,15	18,00	18,05	18,08	-9,75	5	1.180	21.332,00
20.11.2002	20,00	20,00	20,00	20,00	20,00	0,00	1	200	4.000,00
13.11.2002	20,00	20,00	20,00	20,00	20,00	0,00	1	2.550	51.000,00
12.11.2002	20,20	20,20	20,00	20,00	20,05	-0,50	3	452	9.060,40
11.11.2002	20,10	20,10	20,10	20,10	20,10	11,67	1	248	4.984,80
7.11.2002	20,07	20,07	18,00	18,00	19,04	-18,18	6	902	17.175,34
5.11.2002	22,00	22,00	22,00	22,00	22,00	4,76	1	250	5.500,00
4.11.2002	21,00	21,00	21,00	21,00	21,00	4,58	3	849	17.829,00
31.10.2002	20,08	20,08	20,08	20,08	20,08	0,05	1	81	1.626,48
28.10.2002	20,32	20,32	20,07	20,07	20,25	-1,13	5	231	4.676,64
23.10.2002	20,31	20,31	20,30	20,30	20,31	-18,77	2	200	4.061,00
18.10.2002	24,99	24,99	24,99	24,99	24,99	23,71	1	10	249,90
17.10.2002	20,21	20,21	20,20	20,20	20,21	0,50	2	242	4.889,90
16.10.2002	20,23	20,23	20,10	20,10	20,14	-0,74	3	315	6.344,68
14.10.2002	20,25	20,25	20,25	20,25	20,25	-17,35	1	227	4.596,75
7.10.2002	24,50	24,50	24,50	24,50	24,50	-1,96	1	10	245,00
4.10.2002	24,99	24,99	24,99	24,99	24,99	19,00	1	200	4.998,00
1.10.2002	20,08	21,00	20,08	21,00	20,60	4,63	3	534	10.998,72
18.9.2002	24,06	24,06	20,07	20,07	23,84	-22,81	6	613	14.616,79
11.9.2002	26,00	26,00	26,00	26,00	26,00	8,33	1	261	6.786,00
6.9.2002	24,00	24,00	24,00	24,00	24,00	-4,00	1	263	6.312,00
30.8.2002	25,21	25,21	25,00	25,00	25,14	-3,85	3	363	9.125,14
27.8.2002	26,02	26,02	26,00	26,00	26,01	-5,45	3	307	7.986,60
21.8.2002	28,00	28,00	27,50	27,50	27,75	3,73	2	200	5.550,00
14.8.2002	27,00	27,00	26,51	26,51	26,83	-1,81	2	128	3.434,44
13.8.2002	28,00	28,00	27,00	27,00	27,86	-6,86	2	116	3.232,00
25.7.2002	28,00	28,99	28,00	28,99	28,72	3,54	2	138	3.963,00
17.7.2002	28,00	28,00	28,00	28,00	28,00	-3,41	1	333	9.324,00
15.7.2002	28,99	28,99	28,99	28,99	28,99	-0,03	1	171	4.957,29
12.7.2002	28,00	29,92	28,00	29,00	29,07	3,57	4	1.040	30.233,00
10.7.2002	28,00	28,00	28,00	28,00	28,00	3,70	1	116	3.248,00
4.7.2002	27,00	27,00	27,00	27,00	27,00	3,85	1	115	3.105,00
3.7.2002	26,26	26,26	26,00	26,00	26,13	-7,14	4	417	10.894,78
2.7.2002	28,00	28,00	28,00	28,00	28,00	7,69	3	228	6.384,00
28.6.2002	26,00	26,00	26,00	26,00	26,00	-10,34	2	503	13.078,00
21.6.2002	30,00	30,00	29,00	29,00	29,23	-3,33	3	265	7.746,00
20.6.2002	30,02	30,02	30,00	30,00	30,00	-1,64	3	539	16.172,00
12.6.2002	30,51	30,51	30,00	30,50	30,38	-1,68	6	1.129	34.299,00
10.6.2002	31,02	31,02	31,02	31,02	31,02	-3,09	2	201	6.235,02
6.6.2002	32,50	32,50	32,01	32,01	32,23	-8,54	2	180	5.801,00
28.5.2002	34,00	35,00	34,00	35,00	34,74	4,45	5	1.258	43.707,50
27.5.2002	32,53	33,60	32,53	33,51	33,46	3,11	3	2.349	78.598,31
24.5.2002	32,20	32,50	32,20	32,50	32,33	1,37	2	237	7.661,40
22.5.2002	32,12	32,12	32,06	32,06	32,09	-0,59	3	329	10.556,50
17.5.2002	32,18	32,25	32,18	32,25	32,25	0,78	2	3.601	116.131,62
15.5.2002	32,20	32,20	32,00	32,00	32,17	-8,05	3	277	8.910,20
14.5.2002	34,80	34,80	34,80	34,80	34,80	8,07	1	55	1.914,00
13.5.2002	32,20	32,20	32,20	32,20	32,20	-0,95	1	307	9.885,40
7.5.2002	32,53	32,53	32,51	32,51	32,52	8,37	3	635	20.651,60
6.5.2002	35,06	35,06	30,00	30,00	31,29	-14,43	7	935	29.252,71
3.5.2002	35,07	35,07	35,06	35,06	35,06	0,03	2	295	10.343,69
30.4.2002	35,05	35,05	35,05	35,05	35,05	0,14	2	723	25.341,15
29.4.2002	35,00	35,01	35,00	35,00	35,01	-0,06	5	674	23.593,58
26.4.2002	35,02	35,02	35,02	35,02	35,02	0,06	1	273	9.560,46
25.4.2002	35,01	35,01	35,00	35,00	35,01	11,01	3	768	26.884,30
23.4.2002	31,53	31,53	31,53	31,53	31,53	-9,91	1	8	252,24
22.4.2002	35,00	35,00	35,00	35,00	35,00	12,87	1	200	7.000,00
17.4.2002	30,60	31,01	30,59	31,01	30,77	1,44	3	276	8.492,73
16.4.2002	31,11	31,11	30,57	30,57	30,89	-12,68	2	341	10.532,37
15.4.2002	35,01	35,01	35,01	35,01	35,01	0,00	1	173	6.056,73
12.4.2002	35,01	35,01	35,01	35,01	35,01	0,03	1	27	945,27
11.4.2002	35,01	35,01	35,00	35,00	35,00	0,00	11	1.799	62.967,40
10.4.2002	35,01	35,01	35,00	35,00	35,00	0,00	3	566	19.812,00
9.4.2002	35,00	35,00	35,00	35,00	35,00	0,00	1	19	665,00
8.4.2002	35,00	35,00	35,00	35,00	35,00	-10,26	1	34	1.190,00
5.4.2002	35,00	39,00	35,00	39,00	35,08	0,00	2	266	9.330,00
3.4.2002	39,00	39,00	39,00	39,00	39,00	-2,50	1	292	11.388,00
27.3.2002	40,00	40,00	40,00	40,00	40,00	0,00	3	562	22.480,00
26.3.2002	40,00	40,00	40,00	40,00	40,00	17,65	6	1.093	43.720,00
25.3.2002	50,00	50,00	34,00	34,00	49,99	-15,00	3	1.385	69.234,00
22.3.2002	40,00	40,00	39,99	40,00	40,00	0,00	5	727	29.079,50
21.3.2002	35,00	40,00	35,00	40,00	38,25	18,69	6	1.076	41.158,00
20.3.2002	33,70	33,70	33,70	33,70	33,70	-3,74	1	314	10.581,80
18.3.2002	35,01	35,01	35,01	35,01	35,01	-10,23	1	19	665,19
15.3.2002	39,00	39,00	39,00	39,00	39,00	5,41	1	4	156,00
14.3.2002	50,00	50,00	37,00	37,00	48,28	23,33	3	1.751	84.547,00
13.3.2002	30,00	30,00	30,00	30,00	30,00	-6,25	1	275	8.250,00
12.3.2002	29,00	32,00	28,99	32,00	29,95	6,67	7	1.285	38.486,38
11.3.2002	29,74	30,00	29,74	30,00	29,90	3,41	3	757	22.632,00
8.3.2002	26,86	29,02	26,86	29,01	27,55	11,45	5	718	19.784,13
7.3.2002	26,03	26,03	26,03	26,03	26,03	4,04	1	262	6.819,86
4.3.2002	25,00	25,02	25,00	25,02	25,01	-58,27	3	572	14.305,08
27.2.2002	21,08	59,96	20,99	59,96	38,80	-7,75	3	658	25.529,42
26.2.2002	20,78	65,00	20,78	65,00	58,29	217,54	2	1.627	94.832,66
25.2.2002	20,47	20,47	20,47	20,47	20,47	1,24	1	235	4.810,45
21.2.2002	20,22	20,22	20,22	20,22	20,22	0,50	1	274	5.540,28
14.2.2002	20,17	20,17	20,12	20,12	20,16	0,60	4	493	9.937,16
14.12.2001	20,01	20,01	20,00	20,00	20,01	-4,76	2	292	5.842,00
27.11.2001	21,00	21,00	21,00	21,00	21,00	5,00	2	361	7.581,00
8.11.2001	20,00	20,00	20,00	20,00	20,00	-23,08	1	290	5.800,00
5.11.2001	26,00	26,00	26,00	26,00	26,00	-7,14	1	497	12.922,00
10.10.2001	28,00	28,00	28,00	28,00	28,00	0,00	1	246	6.888,00
4.10.2001	28,00	28,00	28,00	28,00	28,00	-6,67	1	212	5.936,00
25.9.2001	30,00	30,00	30,00	30,00	30,00	0,00	1	186	5.580,00
21.9.2001	30,00	30,00	30,00	30,00	30,00	20,00	1	526	15.780,00
12.9.2001	25,00	25,00	25,00	25,00	25,00	0,00	1	522	13.050,00
9.7.2001	25,00	25,00	25,00	25,00	25,00	0,00	1	254	6.350,00
23.8.1999	25,00	25,00	25,00	25,00	25,00	-50,00	1	1.059.184	26.479.600,00
18.8.1999	50,00	50,00	50,00	50,00	50,00	138,10	1	182	9.100,00
17.6.1999	21,00	21,00	21,00	21,00	21,00	0,00	1	321	6.741,00
22.12.1998	21,00	21,00	21,00	21,00	21,00	-47,50	1	50	1.050,00
12.5.1998	40,00	40,00	40,00	40,00	40,00	14,29	1	50	2.000,00
30.4.1998	35,00	35,00	35,00	35,00	35,00	0,00	1	450	15.750,00
28.4.1998	35,00	35,00	35,00	35,00	35,00	-30,00	1	50	1.750,00
20.1.1998	45,00	50,00	45,00	50,00	46,53	0,00	2	72	3.350,00
5.12.1997	50,00	50,00	50,00	50,00	50,00	0,00	1	50	2.500,00
4.12.1997	50,00	50,00	50,00	50,00	50,00	-50,00	1	49	2.450,00
3.12.1997	100,00	100,00	100,00	100,00	100,00	-48,45	1	1	100,00
20.6.1997	193,00	194,00	193,00	194,00	193,79	29,33	3	136	26.356,00
2.10.1996	150,00	150,00	150,00	150,00	150,00	-23,08	1	63	9.450,00
30.8.1996	195,00	195,00	195,00	195,00	195,00	0,00	1	247	48.165,00