22.8.2008	3.539,06	0,08	96,07	0,02
21.8.2008	3.536,15	-1,54	96,05	0,02
20.8.2008	3.591,42	-0,92	96,03	-0,05
19.8.2008	3.624,69	0,02	96,08	0,13
18.8.2008	3.623,91	-0,77	95,96	0,00
14.8.2008	3.651,90	0,50	95,96	0,01
13.8.2008	3.633,80	0,17	95,95	0,00
12.8.2008	3.627,64	-0,03	95,95	0,15
11.8.2008	3.628,82	-0,08	95,81	0,16
8.8.2008	3.631,83	-0,24	95,66	0,06
7.8.2008	3.640,44	0,06	95,60	0,01
6.8.2008	3.638,41	0,01	95,59	0,02
1.8.2008	3.638,07	0,01	95,57	0,20
31.7.2008	3.637,55	-0,07	95,38	-0,01
30.7.2008	3.640,09	0,12	95,39	0,01
29.7.2008	3.635,56	0,74	95,38	0,00
28.7.2008	3.608,83	-0,79	95,38	0,09
25.7.2008	3.637,69	-0,19	95,29	0,15
24.7.2008	3.644,50	0,16	95,15	0,09
23.7.2008	3.638,56	1,10	95,06	-0,14
22.7.2008	3.598,83	-1,06	95,19	-0,05
21.7.2008	3.637,47	0,83	95,24	-0,17
18.7.2008	3.607,70	0,48	95,40	0,02
17.7.2008	3.590,59	1,72	95,38	-0,04
16.7.2008	3.530,04	-1,38	95,42	0,02
15.7.2008	3.579,53	-1,02	95,40	0,10
14.7.2008	3.616,58	0,55	95,30	-0,03
11.7.2008	3.596,68	-2,44	95,33	0,01
10.7.2008	3.686,52	3,67	95,32	-0,02
9.7.2008	3.556,05	1,60	95,34	-0,01
8.7.2008	3.500,17	-0,12	95,35	0,03
7.7.2008	3.504,29	0,01	95,32	0,24
4.7.2008	3.503,77	0,39	95,09	0,01
3.7.2008	3.489,99	-1,05	95,08	0,00
2.7.2008	3.527,19	0,52	95,08	-0,08
1.7.2008	3.509,08	-2,19	95,16	-0,14
30.6.2008	3.587,59	-0,94	95,29	-0,14
27.6.2008	3.621,64	1,19	95,42	0,06
26.6.2008	3.578,91	-1,27	95,36	0,31
24.6.2008	3.624,81	-0,56	95,07	-0,08
23.6.2008	3.645,39	-0,80	95,15	0,01
20.6.2008	3.674,76	-0,47	95,14	-0,12
19.6.2008	3.692,19	-0,53	95,25	0,02
18.6.2008	3.711,87	-2,61	95,23	0,00
17.6.2008	3.811,27	0,46	95,23	0,03
16.6.2008	3.793,77	0,50	95,20	-0,07
13.6.2008	3.775,02	0,22	95,27	-0,13
12.6.2008	3.766,74	-0,19	95,39	-0,09
11.6.2008	3.774,07	0,31	95,48	-0,02
10.6.2008	3.762,27	-2,26	95,50	-0,22
9.6.2008	3.849,23	-1,58	95,71	0,13
6.6.2008	3.911,12	-0,13	95,59	-0,08
5.6.2008	3.916,05	-0,57	95,67	-0,04
4.6.2008	3.938,59	-0,78	95,71	0,05
3.6.2008	3.969,68	-1,65	95,66	0,00
2.6.2008	4.036,42	1,21	95,66	0,00
30.5.2008	3.988,12	1,78	95,66	-0,06
29.5.2008	3.918,36	-0,25	95,72	-0,06
28.5.2008	3.928,18	2,19	95,78	-0,11
27.5.2008	3.844,11	1,15	95,89	-0,15
26.5.2008	3.800,31	-2,98	96,03	0,06
23.5.2008	3.917,11	-1,26	95,97	-0,11
21.5.2008	3.966,98	-1,22	96,08	0,04
20.5.2008	4.015,81	-2,18	96,04	-0,01
19.5.2008	4.105,40	0,01	96,05	0,03
16.5.2008	4.105,05	-0,23	96,02	0,03
15.5.2008	4.114,64	0,09	95,99	-0,14
14.5.2008	4.110,90	1,87	96,12	-0,04
13.5.2008	4.035,52	1,14	96,16	0,04
12.5.2008	3.989,86	1,85	96,12	0,06
9.5.2008	3.917,37	-0,06	96,06	0,05
8.5.2008	3.919,70	0,69	96,01	0,17
7.5.2008	3.892,80	0,35	95,85	0,01
6.5.2008	3.879,41	1,13	95,84	0,02
5.5.2008	3.836,11	1,14	95,82	0,03
30.4.2008	3.792,72	1,55	95,79	0,03
29.4.2008	3.734,79	-2,82	95,76	0,14
28.4.2008	3.842,98	2,27	95,63	0,06
25.4.2008	3.757,73	1,69	95,57	-0,03
24.4.2008	3.695,23	2,10	95,60	-0,04
23.4.2008	3.619,27	0,44	95,64	0,00
22.4.2008	3.603,44	-2,12	95,64	0,07
21.4.2008	3.681,67	1,97	95,57	0,02
18.4.2008	3.610,58	2,58	95,55	-0,07
17.4.2008	3.519,68	0,18	95,62	-0,02
16.4.2008	3.513,24	4,96	95,64	-0,05
15.4.2008	3.347,26	2,53	95,69	-0,05
14.4.2008	3.264,77	-5,69	95,74	0,15
11.4.2008	3.461,75	-2,77	95,60	0,02
10.4.2008	3.560,36	-2,15	95,58	0,04
9.4.2008	3.638,49	0,19	95,54	0,04
8.4.2008	3.631,57	0,56	95,50	-0,02
7.4.2008	3.611,21	-2,74	95,52	0,00
4.4.2008	3.713,00	-1,69	95,52	-0,06
3.4.2008	3.776,92	-0,52	95,58	-0,04
2.4.2008	3.796,54	0,11	95,62	0,08
1.4.2008	3.792,46	-1,37	95,54	-0,02
31.3.2008	3.845,09	-1,58	95,56	0,12
28.3.2008	3.906,69	1,83	95,45	0,09
27.3.2008	3.836,65	-0,36	95,36	-0,15
26.3.2008	3.850,51	-1,13	95,50	0,02
25.3.2008	3.894,56	1,45	95,48	0,01
20.3.2008	3.839,06	-0,25	95,46	0,02
19.3.2008	3.848,56	0,19	95,44	-0,14
18.3.2008	3.841,44	1,27	95,57	-0,04
17.3.2008	3.793,31	-5,22	95,61	0,08
14.3.2008	4.002,43	-0,19	95,53	0,00
13.3.2008	4.009,86	-1,60	95,53	0,00
12.3.2008	4.074,94	-0,45	95,53	-0,04
11.3.2008	4.093,30	-0,41	95,57	0,02
10.3.2008	4.110,15	-1,57	95,55	-0,05
7.3.2008	4.175,88	-1,39	95,60	-0,08
6.3.2008	4.234,75	-0,77	95,68	0,03
5.3.2008	4.267,64	1,18	95,65	0,21
4.3.2008	4.217,84	0,50	95,45	0,01
3.3.2008	4.197,01	-0,83	95,44	0,13
29.2.2008	4.232,27	-0,22	95,32	0,00
28.2.2008	4.241,45	0,74	95,32	0,02
27.2.2008	4.210,47	-0,41	95,30	0,04
26.2.2008	4.227,64	0,57	95,26	0,02
25.2.2008	4.203,76	0,94	95,24	0,00
22.2.2008	4.164,64	-2,24	95,24	-0,05
21.2.2008	4.260,10	3,23	95,29	-0,16
20.2.2008	4.126,80	2,31	95,44	-0,08
19.2.2008	4.033,70	0,97	95,52	0,33
18.2.2008	3.994,78	-0,38	95,21	0,04
15.2.2008	4.010,01	-1,33	95,17	0,01
14.2.2008	4.064,14	-0,30	95,16	-0,16
13.2.2008	4.076,31	-2,50	95,31	-0,08
12.2.2008	4.180,88	4,06	95,38	-0,29
11.2.2008	4.017,87	-2,20	95,66	-0,13
8.2.2008	4.108,38	-1,34	95,78	-0,14
7.2.2008	4.164,39	-3,13	95,91	-0,02
6.2.2008	4.298,78	-2,45	95,93	0,14
5.2.2008	4.406,58	-2,21	95,80	0,11
4.2.2008	4.506,31	0,63	95,69	0,12
1.2.2008	4.477,90	-0,43	95,58	0,16
31.1.2008	4.497,18	-0,32	95,43	-0,03
30.1.2008	4.511,70	0,53	95,46	0,03
29.1.2008	4.487,82	1,28	95,43	-0,21
28.1.2008	4.431,27	-1,81	95,63	0,28
25.1.2008	4.513,08	0,23	95,36	-0,45
24.1.2008	4.502,67	2,09	95,79	-0,01
23.1.2008	4.410,57	-2,39	95,80	0,01
22.1.2008	4.518,41	-2,07	95,79	-0,57
21.1.2008	4.613,89	-4,83	96,34	0,04
18.1.2008	4.848,07	-1,54	96,30	0,03
17.1.2008	4.923,88	0,58	96,27	0,01
16.1.2008	4.895,69	-2,77	96,26	0,00
15.1.2008	5.035,35	-1,93	96,26	-0,15
14.1.2008	5.134,24	-0,76	96,40	0,57
11.1.2008	5.173,66	0,57	96,33	0,03
10.1.2008	5.144,29	1,28	96,28	-0,01
9.1.2008	5.079,11	-0,59	96,27	-0,10
8.1.2008	5.109,14	-0,75	96,35	-0,20
7.1.2008	5.147,84	-2,49	96,49	-0,06
4.1.2008	5.279,14	0,10	96,53	-0,04
3.1.2008	5.273,88	0,54	96,56	0,11
2.1.2008	5.245,58	0,13	96,45	-0,03
31.12.2007	5.239,03	0,55	96,48	0,19
28.12.2007	5.210,33	1,58	96,30	0,00
27.12.2007	5.129,11	1,27	96,31	-0,03
21.12.2007	5.064,88	0,54	96,34	-0,21
20.12.2007	5.037,85	0,11	96,63	-0,01
19.12.2007	5.032,16	0,85	96,64	0,07
18.12.2007	4.989,58	0,02	96,57	0,00
17.12.2007	4.888,04	-0,83	96,57	0,09
14.12.2007	4.928,91	-0,54	96,48	0,22
13.12.2007	4.955,58	-0,59	96,27	0,09
12.12.2007	4.985,09	-0,33	96,18	0,08
11.12.2007	5.001,52	1,41	96,10	-0,15
10.12.2007	4.931,90	0,12	96,25	0,10
7.12.2007	4.926,19	-0,79	96,15	-0,06
6.12.2007	4.965,66	2,60	96,21	0,07
5.12.2007	4.839,82	3,13	96,14	-0,06
4.12.2007	4.692,91	1,11	96,20	0,01
3.12.2007	4.641,36	-0,35	96,19	0,12
30.11.2007	4.657,51	0,68	96,08	0,18
29.11.2007	4.626,08	0,55	95,91	0,18
28.11.2007	4.600,80	-1,09	95,74	-0,14
27.11.2007	4.651,57	-1,64	95,87	-0,34
26.11.2007	4.729,11	0,92	96,20	-0,15
23.11.2007	4.685,88	1,47	96,34	-0,17
22.11.2007	4.617,91	-0,23	96,50	-0,35
21.11.2007	4.628,64	0,13	96,85	-0,18
20.11.2007	4.622,63	1,06	97,02	-0,34
19.11.2007	4.574,06	-3,51	97,35	-0,02
16.11.2007	4.740,23	-2,99	97,36	-0,11
15.11.2007	4.886,58	-1,67	97,47	-0,18
14.11.2007	4.969,77	0,05	97,65	-0,27
13.11.2007	4.967,40	0,16	97,91	-0,03
12.11.2007	4.959,67	-0,39	97,94	0,18
9.11.2007	4.979,31	0,42	97,77	0,01
8.11.2007	4.958,52	-0,67	97,75	0,05
7.11.2007	4.991,87	-0,32	97,70	-0,11
6.11.2007	5.007,69	0,44	97,81	-0,08
5.11.2007	4.985,73	-2,69	97,89	-0,01
31.10.2007	5.123,63	-0,53	97,90	-0,12
30.10.2007	5.150,72	-1,74	98,02	-0,08
29.10.2007	5.241,87	-1,13	98,10	0,02
26.10.2007	5.301,82	-0,44	98,08	-0,03
25.10.2007	5.325,04	-0,39	98,11	0,03
24.10.2007	5.346,11	-0,17	98,08	-0,04
23.10.2007	5.355,44	0,82	98,12	0,01
22.10.2007	5.311,67	-1,05	98,11	0,03
19.10.2007	5.368,13	-0,14	98,08	0,01
18.10.2007	5.375,87	0,70	98,07	0,01
17.10.2007	5.338,36	-0,46	98,07	0,01
16.10.2007	5.362,86	-0,56	98,06	0,06
15.10.2007	5.392,94	1,57	98,00	0,09
12.10.2007	5.309,62	0,86	97,91	-0,07
11.10.2007	5.264,11	-0,17	97,98	-0,35
10.10.2007	5.273,17	1,09	98,31	-0,16
9.10.2007	5.216,10	0,78	98,48	0,05
5.10.2007	5.175,94	-0,08	98,43	-0,06
4.10.2007	5.179,88	-0,33	98,48	0,11
3.10.2007	5.197,17	1,58	98,37	-0,07
2.10.2007	5.116,55	1,08	98,44	-0,01
1.10.2007	5.061,90	0,49	98,45	-0,01
28.9.2007	5.037,19	-0,58	98,46	0,14
27.9.2007	5.066,41	0,92	98,32	0,11
26.9.2007	5.020,14	2,67	98,21	0,19
25.9.2007	4.889,59	0,91	98,03	-0,01
24.9.2007	4.845,50	0,16	98,03	0,02
21.9.2007	4.837,72	0,67	98,02	-0,19
20.9.2007	4.805,41	1,24	98,20	0,06
19.9.2007	4.746,49	3,58	98,15	-0,40
18.9.2007	4.582,28	0,07	98,54	0,02
17.9.2007	4.579,08	-1,47	98,52	-0,04
14.9.2007	4.647,44	-0,33	98,56	0,01
13.9.2007	4.662,93	-0,10	98,55	-0,06
12.9.2007	4.667,83	-0,51	98,62	-0,03
11.9.2007	4.691,75	-0,57	98,65	0,01
10.9.2007	4.718,69	-0,37	98,64	0,03
7.9.2007	4.736,08	0,37	98,61	0,23
6.9.2007	4.718,43	0,87	98,38	-0,02
5.9.2007	4.677,75	0,28	98,48	0,04
4.9.2007	4.664,67	-0,64	98,44	-0,11
3.9.2007	4.694,82	-1,38	98,55	0,02
31.8.2007	4.760,39	0,09	98,53	-0,01
30.8.2007	4.755,91	0,12	98,54	0,05
29.8.2007	4.750,09	0,92	98,49	0,04
28.8.2007	4.706,67	-0,04	98,45	0,02
27.8.2007	4.708,40	-0,60	98,43	-0,09
24.8.2007	4.736,74	-0,71	98,53	-0,10
23.8.2007	4.770,42	-1,15	98,63	-0,09
22.8.2007	4.825,70	-0,51	98,72	0,09
21.8.2007	4.850,43	-0,27	98,62	-0,16
20.8.2007	4.863,36	1,19	98,78	-0,05
17.8.2007	4.806,37	-0,82	98,83	0,02
16.8.2007	4.846,27	-2,85	98,81	0,16
14.8.2007	4.988,43	0,02	98,66	-0,04
13.8.2007	4.987,50	-0,59	98,69	-0,06
10.8.2007	5.016,91	-0,31	98,75	-0,19
9.8.2007	5.032,61	0,78	98,93	0,03
8.8.2007	4.993,75	-0,01	98,90	0,01
7.8.2007	4.994,01	0,30	98,90	-0,04
6.8.2007	4.978,89	-0,79	98,94	0,12
3.8.2007	5.018,72	-0,49	98,82	-0,19
2.8.2007	5.043,49	-0,01	99,01	-0,18
1.8.2007	5.043,86	0,08	99,19	-0,03
31.7.2007	5.039,89	1,07	99,22	-0,12
30.7.2007	4.986,76	-0,13	99,34	0,12
27.7.2007	4.993,20	0,88	99,22	0,20
26.7.2007	4.949,56	-0,17	99,03	-0,01
25.7.2007	4.958,09	-0,73	99,04	0,16
24.7.2007	4.994,48	0,44	98,88	0,03
23.7.2007	4.972,45	3,14	98,85	0,05
20.7.2007	4.821,26	0,52	98,80	0,09
19.7.2007	4.796,48	-0,32	98,72	-0,02
18.7.2007	4.811,80	0,56	98,74	0,06
17.7.2007	4.785,11	0,21	98,68	0,03
16.7.2007	4.775,21	0,18	98,65	-0,18
13.7.2007	4.766,49	0,40	98,82	0,02
12.7.2007	4.747,28	-0,40	98,80	0,01
11.7.2007	4.766,51	-0,12	98,79	-0,06
10.7.2007	4.772,08	0,65	98,84	-0,03
9.7.2007	4.741,48	-0,38	98,87	-0,14
6.7.2007	4.759,69	0,75	99,01	0,01
5.7.2007	4.724,45	0,02	99,00	-0,05
4.7.2007	4.723,71	-1,50	99,05	-0,05
3.7.2007	4.795,73	-0,08	99,11	0,05
2.7.2007	4.799,65	-0,74	99,06	-0,02
29.6.2007	4.835,28	-0,24	99,08	0,10
28.6.2007	4.847,12	0,08	98,99	0,02
27.6.2007	4.843,34	-0,41	98,97	-0,11
26.6.2007	4.863,50	1,33	99,08	0,38
21.6.2007	4.799,86	0,09	98,70	0,01
20.6.2007	4.795,62	-0,27	98,70	-0,07
19.6.2007	4.808,72	0,58	98,76	-0,03
18.6.2007	4.780,85	-2,01	98,79	-0,01
15.6.2007	4.878,90	1,55	98,79	0,03
14.6.2007	4.804,52	1,03	98,76	-0,16
13.6.2007	4.755,41	-1,10	98,93	-0,21
12.6.2007	4.808,06	-0,90	99,13	0,11
11.6.2007	4.851,78	-0,76	99,02	-0,34
8.6.2007	4.889,14	-0,57	99,36	-0,21
6.6.2007	4.917,23	-0,89	99,58	-0,29
5.6.2007	4.961,37	-0,77	99,86	-0,04
4.6.2007	5.000,12	-0,57	99,90	-0,11
1.6.2007	5.028,94	1,05	100,01	-0,01
31.5.2007	4.976,79	0,34	100,02	0,01
30.5.2007	4.960,07	-0,26	100,01	-0,03
29.5.2007	4.973,09	1,84	100,04	-0,11
28.5.2007	4.883,39	-1,63	100,15	-0,05
25.5.2007	4.964,32	-1,84	100,20	0,06
24.5.2007	5.057,57	0,30	100,14	-0,06
23.5.2007	5.042,21	-0,16	100,20	0,03
22.5.2007	5.050,19	-0,87	100,17	0,05
21.5.2007	5.094,74	-0,11	100,12	0,03
18.5.2007	5.100,33	0,41	100,09	-0,21
17.5.2007	5.079,34	-1,15	100,30	0,06
16.5.2007	5.138,45	1,54	100,24	0,14
15.5.2007	5.060,51	1,37	100,10	0,06
14.5.2007	4.992,17	2,20	100,04	-0,02
11.5.2007	4.884,87	0,57	100,07	-0,03
10.5.2007	4.857,39	0,06	100,10	-0,09
9.5.2007	4.854,66	0,67	100,19	-0,10
8.5.2007	4.822,52	0,71	100,28	0,05
7.5.2007	4.788,66	2,31	100,23	-0,13
4.5.2007	4.680,55	0,57	100,36	0,02
3.5.2007	4.654,06	0,45	100,34	-0,03
2.5.2007	4.633,29	0,44	100,37	0,01
30.4.2007	4.613,11	-0,02	100,36	0,03
27.4.2007	4.614,09	0,50	100,33	0,07
26.4.2007	4.591,22	0,42	100,25	0,05
25.4.2007	4.571,82	-0,02	100,21	-0,07
24.4.2007	4.572,79	-0,79	100,28	0,08
23.4.2007	4.609,07	0,46	100,20	0,16
20.4.2007	4.588,09	0,25	100,04	0,15
19.4.2007	4.576,63	-1,27	99,89	0,24
18.4.2007	4.635,57	-1,60	99,65	0,16
17.4.2007	4.710,73	1,04	99,49	-0,09
16.4.2007	4.662,34	0,27	99,58	-0,14
13.4.2007	4.649,61	1,15	99,72	-0,06
12.4.2007	4.596,87	0,59	99,78	0,16
11.4.2007	4.570,06	1,62	99,62	-0,25
10.4.2007	4.497,23	2,62	99,87	-0,23
5.4.2007	4.382,58	1,04	100,10	-0,20
4.4.2007	4.337,67	1,53	100,30	-0,13
3.4.2007	4.272,28	1,70	100,43	-0,18
2.4.2007	4.200,87	-0,87	100,61	0,01
30.3.2007	4.237,67	0,82	100,60	-0,08
29.3.2007	4.203,40	1,17	100,68	-0,04
28.3.2007	4.154,66	0,97	100,72	-0,02
27.3.2007	4.114,61	0,56	100,74	-0,07
26.3.2007	4.091,56	1,03	100,81	-0,19
23.3.2007	4.049,79	1,03	101,00	-0,10
22.3.2007	4.008,53	2,10	101,10	-0,07
21.3.2007	3.926,09	-0,09	101,17	-0,04
20.3.2007	3.929,69	-0,17	101,21	-0,11
19.3.2007	3.936,30	0,21	101,33	0,01
16.3.2007	3.927,75	0,82	101,32	-0,15
15.3.2007	3.895,73	0,33	101,48	0,01
14.3.2007	3.882,98	-1,41	101,47	0,22
13.3.2007	3.938,45	0,58	101,24	-0,03
12.3.2007	3.915,76	0,14	101,27	-0,22
9.3.2007	3.910,10	0,95	101,50	-0,10
8.3.2007	3.873,27	-0,19	101,60	0,02
7.3.2007	3.880,82	0,78	101,58	0,10
6.3.2007	3.850,69	0,34	101,47	0,10
5.3.2007	3.837,46	-1,24	101,37	0,07
2.3.2007	3.885,75	-0,58	101,30	0,04
1.3.2007	3.908,32	2,93	101,26	0,09
28.2.2007	3.797,06	-3,08	101,17	0,11
27.2.2007	3.917,77	-1,46	101,06	-0,02
26.2.2007	3.975,77	0,57	101,08	0,24
23.2.2007	3.953,31	0,39	100,84	0,05
22.2.2007	3.938,11	0,00	100,79	-0,04
21.2.2007	3.938,30	1,95	100,83	-0,01
20.2.2007	3.862,94	1,05	100,84	0,03
19.2.2007	3.822,93	0,53	100,81	0,03
16.2.2007	3.802,84	0,22	100,78	0,27
15.2.2007	3.794,38	0,22	100,51	0,15
14.2.2007	3.786,11	0,89	100,36	0,01
13.2.2007	3.752,84	0,32	100,35	0,04
12.2.2007	3.740,73	-0,64	100,30	-0,01
9.2.2007	3.764,78	1,06	100,31	0,10
8.2.2007	3.725,35	-0,94	100,22	-0,12
7.2.2007	3.760,78	1,50	100,33	-0,10
6.2.2007	3.705,15	0,11	100,43	0,01
5.2.2007	3.701,18	-0,01	100,42	0,27
2.2.2007	3.701,68	-0,40	100,15	-0,11
1.2.2007	3.716,71	-1,22	100,25	0,02
31.1.2007	3.762,56	2,77	100,23	-0,30
30.1.2007	3.661,08	2,38	100,54	0,02
29.1.2007	3.576,14	2,25	100,52	0,00
26.1.2007	3.497,36	0,88	100,52	0,05
25.1.2007	3.466,77	-0,68	100,47	-0,16
24.1.2007	3.490,52	0,35	100,64	-0,27
23.1.2007	3.478,34	0,69	100,91	0,10
22.1.2007	3.454,43	0,73	100,81	0,02
19.1.2007	3.429,39	0,57	100,79	-0,01
18.1.2007	3.410,03	1,23	100,80	-0,01
17.1.2007	3.368,48	0,47	100,81	-0,04
16.1.2007	3.352,69	1,03	100,85	0,01
15.1.2007	3.318,52	0,98	100,84	-0,21
12.1.2007	3.286,28	0,45	101,05	0,05
11.1.2007	3.271,45	-0,20	101,00	-0,01
10.1.2007	3.277,85	-0,08	101,02	-0,14
9.1.2007	3.280,36	0,58	101,16	0,04
8.1.2007	3.261,54	0,89	101,12	-0,03
5.1.2007	3.232,70	0,52	101,15	-0,02
4.1.2007	3.215,90	-0,03	101,17	-0,03
3.1.2007	3.216,99	0,06	101,20	-0,01
2.1.2007	3.214,93	0,17	101,21	0,16
29.12.2006	3.209,48	0,21	101,06	0,07
28.12.2006	3.202,74	-0,24	100,99	-0,07
27.12.2006	3.210,58	0,02	101,06	0,08
22.12.2006	3.209,93	-0,11	100,98	-0,02
21.12.2006	3.213,60	0,47	100,99	-0,20
20.12.2006	3.198,67	-0,59	101,20	-0,17
19.12.2006	3.217,79	0,48	101,37	-0,01
18.12.2006	3.202,45	-0,22	101,38	0,02
15.12.2006	3.209,37	0,18	101,35	-0,20
14.12.2006	3.203,76	-0,43	101,56	-0,08
13.12.2006	3.217,75	0,42	101,64	-0,02
12.12.2006	3.204,35	-0,26	101,66	0,01
11.12.2006	3.212,66	0,24	101,65	-0,07
8.12.2006	3.205,09	0,12	101,72	-0,12
7.12.2006	3.201,15	0,11	101,84	0,02
6.12.2006	3.197,76	-0,62	101,82	-0,10
5.12.2006	3.217,56	-0,56	101,92	0,06
4.12.2006	3.235,59	-0,94	101,86	0,04
1.12.2006	3.266,31	0,33	101,82	-0,12
30.11.2006	3.255,68	0,87	101,94	0,06
29.11.2006	3.227,57	-0,40	101,88	0,18
28.11.2006	3.240,50	0,94	101,69	0,07
27.11.2006	3.210,17	0,31	101,62	0,14
24.11.2006	3.200,09	-0,63	101,48	-0,06
23.11.2006	3.220,29	0,27	101,54	-0,13
22.11.2006	3.211,59	-0,09	101,67	0,01
21.11.2006	3.214,62	0,49	101,67	-0,09
20.11.2006	3.199,03	0,46	101,75	-0,11
17.11.2006	3.184,38	0,94	101,86	-0,04
16.11.2006	3.154,77	0,77	101,90	0,03
15.11.2006	3.130,65	1,66	101,87	0,18
14.11.2006	3.079,58	-0,77	101,69	0,03
13.11.2006	3.103,33	-1,71	101,66	0,04
10.11.2006	3.157,47	-0,65	101,62	0,10
9.11.2006	3.178,18	-0,05	101,52	0,15
8.11.2006	3.179,81	-0,24	101,37	0,02
7.11.2006	3.187,55	-0,02	101,36	0,03
6.11.2006	3.188,18	-0,92	101,33	0,07
3.11.2006	3.217,87	-0,88	101,26	0,12
2.11.2006	3.246,45	-0,38	101,14	0,14
31.10.2006	3.258,97	0,38	100,99	0,20
30.10.2006	3.246,70	0,52	100,79	0,22
27.10.2006	3.229,77	-0,07	100,57	0,07
26.10.2006	3.232,04	-0,09	100,50	0,09
25.10.2006	3.234,83	-1,22	100,41	-0,18
24.10.2006	3.274,70	-0,35	100,59	-0,04
23.10.2006	3.286,33	1,30	100,63	0,02
20.10.2006	3.244,31	0,69	100,61	0,06
19.10.2006	3.222,01	1,09	100,56	0,14
18.10.2006	3.187,42	0,43	100,42	-0,01
17.10.2006	3.173,85	-0,67	100,42	-0,16
16.10.2006	3.195,32	-0,91	100,58	-0,02
13.10.2006	3.224,77	0,95	100,60	-0,01
12.10.2006	3.194,40	-1,72	100,61	-0,15
11.10.2006	3.250,21	0,83	100,76	-0,08
10.10.2006	3.223,30	-0,33	100,84	-0,13
9.10.2006	3.233,88	-0,34	100,97	-0,09
6.10.2006	3.244,90	1,60	101,06	0,11
5.10.2006	3.193,83	0,69	100,95	0,29
4.10.2006	3.171,87	0,56	100,66	-0,15
3.10.2006	3.154,22	-0,10	100,81	-0,05
2.10.2006	3.157,29	-0,21	100,87	0,11
29.9.2006	3.163,80	-0,57	100,76	0,05
28.9.2006	3.181,97	0,84	100,71	-0,03
27.9.2006	3.155,37	0,36	100,74	-0,05
26.9.2006	3.144,16	-0,20	100,79	0,11
25.9.2006	3.150,55	0,78	100,68	0,04
22.9.2006	3.126,04	-0,69	100,65	0,18
21.9.2006	3.147,91	-0,03	100,46	-0,11
20.9.2006	3.148,85	-2,01	100,57	-0,09
19.9.2006	3.213,39	-1,53	100,65	-0,24
18.9.2006	3.263,32	-0,44	100,89	-0,33
15.9.2006	3.277,80	-0,61	101,23	-0,08
14.9.2006	3.298,04	0,40	101,31	-0,24
13.9.2006	3.284,77	0,11	101,55	-0,10
12.9.2006	3.281,27	1,14	101,65	-0,11
11.9.2006	3.244,21	-0,47	101,77	0,02
8.9.2006	3.259,53	1,17	101,75	-0,12
7.9.2006	3.221,76	0,32	101,87	0,02
6.9.2006	3.211,64	1,46	101,84	-0,01
5.9.2006	3.165,38	1,44	101,86	-0,10
4.9.2006	3.120,36	0,11	101,96	-0,12
1.9.2006	3.117,06	0,57	102,08	0,00
31.8.2006	3.099,53	1,36	102,09	0,03
30.8.2006	3.057,91	0,15	102,06	-0,02
29.8.2006	3.053,43	-0,30	102,08	-0,15
28.8.2006	3.062,60	-0,86	102,24	0,01
25.8.2006	3.089,22	2,15	102,22	0,17
24.8.2006	3.024,27	0,67	102,05	-0,06
23.8.2006	3.004,25	0,92	102,12	0,05
22.8.2006	2.976,98	0,80	102,07	0,26
21.8.2006	2.953,22	-0,25	101,80	-0,04
18.8.2006	2.960,48	0,48	101,84	0,03
17.8.2006	2.946,28	0,21	101,81	0,25
16.8.2006	2.940,10	-0,90	101,56	-0,03
14.8.2006	2.966,82	0,32	101,59	-0,02
11.8.2006	2.957,24	-0,64	101,61	0,09
10.8.2006	2.976,25	0,94	101,52	-0,10
9.8.2006	2.948,45	0,59	101,62	-0,04
8.8.2006	2.931,23	0,83	101,66	-0,07
7.8.2006	2.907,05	0,86	101,74	0,10
4.8.2006	2.882,35	0,77	101,64	-0,03
3.8.2006	2.860,24	0,17	101,67	0,04
2.8.2006	2.855,28	-0,25	101,63	0,09
1.8.2006	2.862,47	-0,32	101,54	0,03
31.7.2006	2.871,59	0,30	101,51	-0,07
28.7.2006	2.862,97	1,54	101,58	0,00
27.7.2006	2.819,50	0,11	101,58	0,01
26.7.2006	2.816,33	1,17	101,57	0,07
25.7.2006	2.783,65	-0,63	101,50	0,12
24.7.2006	2.801,26	1,46	101,38	0,08
21.7.2006	2.760,91	0,06	101,30	-0,09
20.7.2006	2.759,12	0,10	101,38	0,03
19.7.2006	2.756,48	-0,11	101,36	0,02
18.7.2006	2.759,42	0,08	101,34	0,03
17.7.2006	2.757,18	-0,40	101,31	0,12
14.7.2006	2.768,14	0,06	101,19	0,05
13.7.2006	2.766,43	0,19	101,14	0,00
12.7.2006	2.761,15	-0,03	101,14	0,00
11.7.2006	2.761,87	-0,28	101,14	0,00
10.7.2006	2.769,68	0,89	101,14	0,00
7.7.2006	2.745,12	0,99	101,15	-0,24
6.7.2006	2.718,15	0,69	101,39	-0,03
5.7.2006	2.699,61	0,07	101,42	0,07
4.7.2006	2.697,81	0,79	101,35	0,06
3.7.2006	2.676,75	-1,35	101,29	0,15
30.6.2006	2.713,50	1,67	101,14	0,02
29.6.2006	2.668,86	2,43	101,12	0,05
28.6.2006	2.605,49	1,88	101,07	0,03
27.6.2006	2.557,34	1,43	101,04	0,04
26.6.2006	2.521,35	1,05	101,00	-0,27
23.6.2006	2.495,24	0,54	101,27	-0,42
21.6.2006	2.481,73	-0,07	101,70	-0,07
20.6.2006	2.483,53	0,72	101,77	0,05
19.6.2006	2.465,83	-0,75	101,72	-0,07
16.6.2006	2.484,34	0,20	101,79	-0,09
14.6.2006	2.479,39	-0,50	101,88	0,06
13.6.2006	2.491,97	-0,30	101,82	0,19
12.6.2006	2.499,57	-0,17	101,63	-0,08
9.6.2006	2.503,89	0,14	101,70	0,10
8.6.2006	2.500,43	-0,86	101,60	0,01
7.6.2006	2.522,09	0,38	101,60	-0,19
6.6.2006	2.512,46	-0,05	101,79	0,06
5.6.2006	2.513,78	0,56	101,74	0,05
2.6.2006	2.499,89	-0,31	101,68	-0,08
1.6.2006	2.507,57	0,54	101,76	-0,15
31.5.2006	2.494,13	0,07	101,91	0,01
30.5.2006	2.492,27	-0,42	101,90	-0,14
29.5.2006	2.502,88	0,88	102,04	-0,25
26.5.2006	2.480,99	1,91	102,30	-0,23
25.5.2006	2.434,61	-0,36	102,53	0,30
24.5.2006	2.443,47	-1,39	102,23	0,33
23.5.2006	2.478,01	-1,15	101,90	0,18
22.5.2006	2.506,91	-0,44	101,71	0,11
19.5.2006	2.518,06	0,32	101,60	0,02
18.5.2006	2.509,94	0,17	101,58	-0,01
17.5.2006	2.505,65	-0,02	101,59	0,06
16.5.2006	2.506,17	-0,40	101,53	0,00
15.5.2006	2.516,16	-1,26	101,53	-0,06
12.5.2006	2.548,21	-0,63	101,59	-0,04
11.5.2006	2.564,25	0,08	101,62	-0,11
10.5.2006	2.562,28	-1,00	101,74	-0,14
9.5.2006	2.588,28	-0,21	101,88	0,03
8.5.2006	2.593,69	1,31	101,86	-0,01
5.5.2006	2.560,19	-0,72	101,87	-0,33
4.5.2006	2.578,63	2,13	102,21	-0,14
3.5.2006	2.524,77	0,53	102,35	-0,02
2.5.2006	2.511,38	-0,09	102,37	0,06
28.4.2006	2.513,61	-0,45	102,31	-0,14
27.4.2006	2.525,03	0,42	102,46	-0,30
26.4.2006	2.514,41	0,37	102,76	-0,11
25.4.2006	2.505,24	0,43	102,88	-0,03
24.4.2006	2.494,57	-0,50	102,92	0,11
21.4.2006	2.507,05	0,46	102,80	0,09
20.4.2006	2.495,55	2,33	102,72	-0,11
19.4.2006	2.438,66	0,96	102,83	0,16
18.4.2006	2.415,58	0,11	102,67	-0,28
13.4.2006	2.413,00	0,19	102,95	-0,25
12.4.2006	2.408,35	0,53	103,22	-0,23
11.4.2006	2.395,55	0,02	103,46	0,07
10.4.2006	2.394,99	-0,63	103,38	0,06
7.4.2006	2.410,22	0,14	103,32	-0,23
6.4.2006	2.406,92	-0,22	103,56	0,01
5.4.2006	2.412,23	0,07	103,55	0,01
4.4.2006	2.410,60	-1,75	103,55	-0,12
3.4.2006	2.453,50	0,84	103,67	-0,20
31.3.2006	2.433,01	1,13	103,87	0,08
30.3.2006	2.405,72	1,06	103,79	-0,03
29.3.2006	2.380,60	-0,07	103,82	-0,25
28.3.2006	2.382,31	2,19	104,09	-0,09
27.3.2006	2.331,22	1,02	104,19	-0,11
24.3.2006	2.307,70	-0,78	104,30	0,10
23.3.2006	2.325,94	1,03	104,20	-0,09
22.3.2006	2.302,15	0,28	104,30	-0,23
21.3.2006	2.295,69	2,32	104,54	-0,24
20.3.2006	2.243,57	-1,01	104,79	-0,02
17.3.2006	2.266,48	2,86	104,81	-0,05
16.3.2006	2.203,38	2,33	104,86	0,02
15.3.2006	2.153,22	-0,18	104,84	0,07
14.3.2006	2.157,14	-1,08	104,76	-0,10
13.3.2006	2.180,65	0,09	104,87	-0,08
10.3.2006	2.178,75	0,02	104,95	-0,06
9.3.2006	2.178,40	0,25	105,01	-0,09
8.3.2006	2.172,98	0,96	105,11	-0,09
7.3.2006	2.152,39	-0,45	105,21	-0,17
6.3.2006	2.162,02	-0,38	105,39	-0,02
3.3.2006	2.170,19	1,49	105,41	-0,12
2.3.2006	2.138,31	-0,88	105,54	0,05
1.3.2006	2.157,22	0,44	105,48	-0,18
28.2.2006	2.147,86	0,04	105,67	-0,01
27.2.2006	2.147,03	0,48	105,68	-0,02
24.2.2006	2.136,81	0,26	105,70	-0,14
23.2.2006	2.131,20	0,77	105,85	0,11
22.2.2006	2.114,92	0,24	105,73	0,03
21.2.2006	2.109,86	1,17	105,70	0,01
20.2.2006	2.085,41	0,11	105,68	0,21
17.2.2006	2.083,10	-0,21	105,46	-0,12
16.2.2006	2.087,41	0,38	105,59	0,05
15.2.2006	2.079,57	-0,36	105,54	0,12
14.2.2006	2.087,03	-0,26	105,42	-0,11
13.2.2006	2.092,52	-0,12	105,54	-0,13
10.2.2006	2.095,03	-0,81	105,68	-0,13
9.2.2006	2.112,04	0,59	105,81	-0,02
8.2.2006	2.099,71	-0,09	105,83	0,19
7.2.2006	2.101,64	0,77	105,63	0,10
6.2.2006	2.085,67	-0,76	105,52	0,11
3.2.2006	2.101,64	-0,15	105,40	0,01
2.2.2006	2.104,75	0,08	105,39	-0,15
1.2.2006	2.103,02	0,58	105,55	0,04
31.1.2006	2.090,90	0,97	105,51	-0,18
30.1.2006	2.070,86	0,12	105,70	0,02
27.1.2006	2.068,39	0,70	105,68	-0,09
26.1.2006	2.053,95	0,80	105,77	-0,12
25.1.2006	2.037,72	-1,13	105,90	0,13
24.1.2006	2.061,04	0,67	105,76	-0,24
23.1.2006	2.047,36	-0,39	106,01	-0,08
20.1.2006	2.055,32	0,53	106,09	-0,13
19.1.2006	2.044,40	0,39	106,23	-0,10
18.1.2006	2.036,42	-0,60	106,34	0,05
17.1.2006	2.048,62	1,23	106,29	0,18
16.1.2006	2.023,76	0,61	106,10	-0,07
13.1.2006	2.011,51	0,01	106,17	0,01
12.1.2006	2.011,36	0,25	106,15	-0,04
11.1.2006	2.006,27	-0,27	106,20	0,05
10.1.2006	2.011,67	-0,14	106,15	0,08
9.1.2006	2.014,45	1,01	106,06	-0,09
5.1.2006	1.994,38	-0,12	106,16	0,19
4.1.2006	1.996,68	0,46	105,95	0,07
3.1.2006	1.987,49	-0,49	105,88	0,02
2.1.2006	1.997,27	-0,01	105,85	0,03
30.12.2005	1.997,53	0,32	105,82	0,09
29.12.2005	1.991,21	0,64	105,72	-0,08
28.12.2005	1.978,55	-0,49	105,81	0,18
27.12.2005	1.988,35	-0,36	105,62	0,18
23.12.2005	1.995,50	0,26	105,43	0,01
22.12.2005	1.990,31	-0,11	105,42	-0,42
21.12.2005	1.992,58	0,04	105,86	-0,16
20.12.2005	1.991,75	0,06	106,04	0,47
19.12.2005	1.990,47	1,03	105,54	-0,12
16.12.2005	1.970,21	0,15	105,67	-0,08
15.12.2005	1.967,22	-0,40	105,75	-0,02
14.12.2005	1.975,13	-0,46	105,78	-0,04
13.12.2005	1.984,26	-0,75	105,82	0,01
12.12.2005	1.999,33	1,16	105,80	-0,12
9.12.2005	1.976,31	-0,31	105,93	0,09
8.12.2005	1.982,52	0,22	105,83	-0,05
7.12.2005	1.978,25	-0,59	105,89	0,17
6.12.2005	1.989,96	-0,63	105,71	0,29
5.12.2005	2.002,58	0,02	105,40	0,05
2.12.2005	2.002,26	-0,77	105,34	-0,06
1.12.2005	2.017,77	-0,37	105,41	-0,02
30.11.2005	2.025,28	0,18	105,43	-0,04
29.11.2005	2.021,73	-0,24	105,47	0,13
28.11.2005	2.026,51	-0,12	105,34	0,20
25.11.2005	2.028,98	0,41	105,12	0,11
24.11.2005	2.020,77	0,31	105,01	-0,08
23.11.2005	2.014,53	-1,38	105,09	-0,06
22.11.2005	2.042,63	0,46	105,16	0,07
21.11.2005	2.033,36	0,01	105,08	-0,02
18.11.2005	2.033,22	-0,05	105,10	0,01
17.11.2005	2.034,31	-0,80	105,09	0,01
16.11.2005	2.050,80	-0,04	105,08	-0,11
15.11.2005	2.051,68	0,03	105,19	-0,07
14.11.2005	2.050,98	-0,17	105,26	0,02
11.11.2005	2.054,45	0,02	105,25	0,07
10.11.2005	2.053,99	-0,74	105,17	0,03
9.11.2005	2.069,40	0,77	105,15	-0,09
8.11.2005	2.053,52	-0,32	105,24	-0,18
7.11.2005	2.060,06	0,77	105,43	-0,19
4.11.2005	2.044,23	0,28	105,62	-0,41
3.11.2005	2.038,56	-0,15	106,06	0,40
2.11.2005	2.041,59	0,79	105,64	-0,19
31.10.2005	2.025,60	0,03	105,85	-0,16
28.10.2005	2.025,07	-2,17	106,01	-0,30
27.10.2005	2.070,00	-0,11	106,34	-0,04
26.10.2005	2.072,38	-0,08	106,38	-0,16
25.10.2005	2.074,00	0,39	106,55	-0,02
24.10.2005	2.065,85	-0,37	106,57	0,17
21.10.2005	2.073,48	0,26	106,39	0,01
20.10.2005	2.068,07	-0,24	106,38	0,05
19.10.2005	2.073,13	-0,04	106,32	0,02
18.10.2005	2.074,06	-0,06	106,31	-0,05
17.10.2005	2.075,34	1,04	106,36	0,07
14.10.2005	2.054,01	-0,34	106,29	-0,01
13.10.2005	2.060,96	-1,13	106,30	-0,19
12.10.2005	2.084,42	-0,24	106,51	0,00
11.10.2005	2.089,48	-0,86	106,51	-0,22
10.10.2005	2.107,61	-0,32	106,74	0,18
7.10.2005	2.114,43	-0,86	106,55	0,09
6.10.2005	2.132,80	-1,12	106,45	0,21
5.10.2005	2.156,97	1,59	106,23	0,36
4.10.2005	2.123,13	3,98	105,85	0,11
3.10.2005	2.041,90	0,09	105,74	-0,07
30.9.2005	2.039,98	-0,36	105,82	0,08
29.9.2005	2.047,44	0,43	105,73	0,22
28.9.2005	2.038,63	0,02	105,50	0,14
27.9.2005	2.038,28	-0,35	105,36	0,00
26.9.2005	2.045,39	1,14	105,36	-0,16
23.9.2005	2.022,39	0,76	105,53	-0,03
22.9.2005	2.007,21	0,02	105,55	-0,02
21.9.2005	2.006,80	1,10	105,57	0,29
20.9.2005	1.984,93	0,70	105,27	0,08
19.9.2005	1.971,16	0,44	105,19	0,13
16.9.2005	1.962,55	0,99	105,05	0,06
15.9.2005	1.943,39	0,10	104,98	0,17
14.9.2005	1.941,53	0,75	104,81	0,03
13.9.2005	1.927,04	0,29	104,77	-0,09
12.9.2005	1.921,39	1,16	104,86	0,02
9.9.2005	1.899,30	0,33	104,84	0,09
8.9.2005	1.893,10	-0,33	104,75	-0,10
7.9.2005	1.899,33	1,07	104,85	-0,09
6.9.2005	1.879,18	-0,80	104,94	0,03
5.9.2005	1.894,41	0,35	104,91	-0,11
2.9.2005	1.887,82	-0,87	105,03	0,14
1.9.2005	1.904,48	-1,52	104,88	0,15
31.8.2005	1.933,95	0,55	104,73	0,18
30.8.2005	1.923,34	-0,01	104,54	0,14
29.8.2005	1.923,51	0,36	104,39	0,02
26.8.2005	1.916,61	0,33	104,37	0,05
25.8.2005	1.910,39	1,62	104,31	0,06
24.8.2005	1.880,02	0,03	104,25	0,01
23.8.2005	1.879,47	0,23	104,25	-0,10
22.8.2005	1.875,19	0,50	104,36	0,00
19.8.2005	1.865,85	-0,04	104,35	0,12
18.8.2005	1.866,51	-0,20	104,23	0,13
17.8.2005	1.870,20	-0,06	104,09	0,16
16.8.2005	1.871,33	0,47	103,93	0,00
12.8.2005	1.862,61	0,12	103,93	0,00
11.8.2005	1.860,35	-0,81	103,93	-0,03
10.8.2005	1.875,61	-0,10	103,96	-0,11
9.8.2005	1.877,49	0,02	104,08	-0,21
8.8.2005	1.877,19	0,17	104,30	0,00
4.8.2005	1.873,98	1,38	104,30	0,16
3.8.2005	1.848,47	-0,07	104,14	0,08
2.8.2005	1.849,76	0,66	104,06	-0,12
1.8.2005	1.837,72	-0,11	104,19	-0,04
29.7.2005	1.839,76	0,01	104,23	0,00
28.7.2005	1.839,53	-0,01	104,24	0,02
27.7.2005	1.839,72	0,72	104,21	0,05
26.7.2005	1.826,58	-0,02	104,16	0,03
25.7.2005	1.826,92	0,59	104,13	0,08
22.7.2005	1.816,23	0,13	104,05	-0,03
21.7.2005	1.813,95	1,06	104,08	0,08
20.7.2005	1.794,87	0,23	104,00	0,00
19.7.2005	1.790,84	0,12	104,00	-0,01
18.7.2005	1.788,78	-0,13	104,01	0,02
15.7.2005	1.791,14	0,92	103,99	0,06
14.7.2005	1.774,77	-0,14	103,92	-0,11
13.7.2005	1.777,19	-0,36	104,04	-0,10
12.7.2005	1.783,55	0,19	104,14	0,03
11.7.2005	1.780,10	-0,55	104,11	-0,08
8.7.2005	1.790,01	0,30	104,19	0,03
7.7.2005	1.784,74	-0,56	104,16	0,01
6.7.2005	1.794,78	0,53	104,16	-0,01
5.7.2005	1.785,23	-0,35	104,16	-0,05
4.7.2005	1.791,45	0,51	104,21	0,03
1.7.2005	1.782,31	-1,40	104,19	0,05
30.6.2005	1.807,54	-0,05	104,14	0,03
29.6.2005	1.808,50	0,17	104,11	-0,08
28.6.2005	1.805,52	1,89	104,19	-0,06
27.6.2005	1.772,04	0,75	104,26	-0,04
24.6.2005	1.758,89	0,46	104,30	0,19
23.6.2005	1.750,77	-0,54	104,10	0,12
21.6.2005	1.760,32	0,96	103,98	0,08
20.6.2005	1.743,59	0,34	103,89	0,06
17.6.2005	1.737,68	-0,75	103,83	0,06
16.6.2005	1.750,87	1,01	103,77	-0,26
15.6.2005	1.733,42	0,49	104,04	-0,03
14.6.2005	1.725,05	0,40	104,07	0,11
13.6.2005	1.718,17	0,05	103,96	-0,07
10.6.2005	1.717,29	0,17	104,03	0,06
9.6.2005	1.714,30	-0,18	103,97	-0,06
8.6.2005	1.717,44	0,16	104,04	-0,01
7.6.2005	1.714,73	-0,24	104,05	0,13
6.6.2005	1.718,86	1,09	103,91	0,03
3.6.2005	1.700,40	-1,55	103,88	-0,03
2.6.2005	1.727,21	-1,09	103,91	0,14
1.6.2005	1.746,18	0,61	103,76	0,10
31.5.2005	1.735,65	-1,23	103,66	-0,02
30.5.2005	1.757,32	-0,58	103,67	0,06
27.5.2005	1.767,65	1,03	103,61	0,03
25.5.2005	1.749,64	-0,16	103,58	0,04
24.5.2005	1.752,36	-0,16	103,53	0,07
23.5.2005	1.755,13	-3,28	103,46	0,00
20.5.2005	1.814,73	0,80	103,46	-0,20
19.5.2005	1.800,35	-1,38	103,67	0,06
18.5.2005	1.825,49	2,87	103,61	0,07
17.5.2005	1.774,56	-0,54	103,53	0,17
16.5.2005	1.784,24	1,70	103,36	0,02
13.5.2005	1.754,34	0,10	103,34	0,16
12.5.2005	1.752,64	0,35	103,17	0,05
11.5.2005	1.746,56	-0,04	103,12	0,13
10.5.2005	1.747,19	-0,92	102,98	0,02
9.5.2005	1.763,44	0,44	102,96	-0,20
6.5.2005	1.755,74	-0,33	103,17	0,02
5.5.2005	1.761,60	-0,80	103,15	0,08
4.5.2005	1.775,85	0,93	103,07	0,09
3.5.2005	1.759,53	-0,68	102,98	0,05
2.5.2005	1.771,53	-0,95	102,92	-0,03
29.4.2005	1.788,53	0,23	102,96	0,07
28.4.2005	1.784,50	-0,86	102,88	-0,07
27.4.2005	1.800,03	-0,36	102,96	-0,10
26.4.2005	1.806,51	0,11	103,06	0,11
25.4.2005	1.804,50	-0,11	102,95	0,09
22.4.2005	1.806,56	-1,17	102,86	0,07
21.4.2005	1.827,95	0,13	102,78	0,11
20.4.2005	1.825,63	0,20	102,67	0,03
19.4.2005	1.822,00	1,13	102,65	0,08
18.4.2005	1.801,58	-0,88	102,57	0,15
15.4.2005	1.817,53	-0,41	102,41	0,01
14.4.2005	1.825,10	-0,15	102,41	0,11
13.4.2005	1.827,89	0,85	102,30	0,03
12.4.2005	1.812,51	-0,71	102,26	0,05
11.4.2005	1.825,43	-0,18	102,21	0,00
8.4.2005	1.828,67	0,59	102,21	0,03
7.4.2005	1.817,97	-0,54	102,18	0,06
6.4.2005	1.827,89	0,12	102,12	0,00
5.4.2005	1.825,72	0,07	102,12	-0,13
4.4.2005	1.824,37	0,53	102,25	0,44
1.4.2005	1.814,84	-1,53	101,80	-0,06
31.3.2005	1.843,07	1,60	101,87	0,10
30.3.2005	1.814,10	-1,29	101,76	0,03
29.3.2005	1.837,90	-2,59	101,73	0,02
24.3.2005	1.886,73	1,47	101,72	-0,21
23.3.2005	1.859,34	-0,83	101,94	-0,02
22.3.2005	1.874,91	-2,14	101,96	0,03
21.3.2005	1.916,00	-1,88	101,93	-0,11
18.3.2005	1.952,74	-0,16	102,04	0,07
17.3.2005	1.955,84	-0,03	101,97	0,29
16.3.2005	1.956,40	-0,43	101,67	-0,03
15.3.2005	1.964,81	0,08	101,70	-0,11
14.3.2005	1.963,26	-0,46	101,82	-0,03
11.3.2005	1.972,39	-0,11	101,84	-0,12
10.3.2005	1.974,62	0,43	101,97	-0,06
9.3.2005	1.966,19	-1,06	102,03	0,00
8.3.2005	1.987,24	-0,82	102,04	0,09
7.3.2005	2.003,60	-0,76	101,95	0,05
4.3.2005	2.018,95	-1,18	101,89	0,01
3.3.2005	2.043,10	-1,11	101,89	-0,14
2.3.2005	2.066,13	-2,61	102,03	0,08
1.3.2005	2.121,42	1,72	101,95	-0,08
28.2.2005	2.085,51	0,75	102,04	-0,23
25.2.2005	2.069,91	1,27	102,27	-0,16
24.2.2005	2.043,86	0,23	102,43	0,09
23.2.2005	2.039,17	-0,01	102,34	-0,14
22.2.2005	2.039,39	-0,12	102,48	-0,10
21.2.2005	2.041,90	2,21	102,59	-0,09
18.2.2005	1.997,74	0,85	102,68	-0,01
17.2.2005	1.980,84	0,03	102,70	-0,04
16.2.2005	1.980,18	-0,24	102,74	0,07
15.2.2005	1.984,95	1,04	102,66	0,11
14.2.2005	1.964,44	3,47	102,55	0,00
11.2.2005	1.898,50	-0,51	102,54	0,11
10.2.2005	1.908,32	-2,83	102,43	-0,10
9.2.2005	1.963,81	0,77	102,53	-0,07
8.2.2005	1.948,85	-1,13	102,60	0,00
7.2.2005	1.971,14	-2,60	102,60	-0,19
4.2.2005	2.023,66	-0,57	102,80	0,00
3.2.2005	2.035,21	0,90	102,80	0,29
2.2.2005	2.017,12	-2,57	102,50	0,13
1.2.2005	2.070,29	7,63	102,37	-0,28
31.1.2005	1.923,49	1,67	102,66	-0,17
28.1.2005	1.891,83	1,60	102,84	-0,12
27.1.2005	1.861,99	0,89	102,97	-0,15
26.1.2005	1.845,63	2,11	103,12	-0,11
25.1.2005	1.807,54	1,75	103,24	0,03
24.1.2005	1.776,52	1,24	103,21	0,20
21.1.2005	1.754,72	0,15	103,01	0,32
20.1.2005	1.752,01	-0,37	102,67	0,09
19.1.2005	1.758,43	2,10	102,58	0,18
18.1.2005	1.722,34	1,58	102,40	-0,01
17.1.2005	1.695,49	1,55	102,41	0,06
14.1.2005	1.669,60	1,32	102,35	0,25
13.1.2005	1.647,78	0,73	102,09	-0,12
12.1.2005	1.635,90	1,44	102,21	0,20
11.1.2005	1.612,69	1,70	102,00	0,13
10.1.2005	1.585,67	1,23	101,87	0,22
7.1.2005	1.566,43	-0,41	101,65	-0,16
5.1.2005	1.572,81	0,20	101,81	-0,13
4.1.2005	1.569,66	-0,52	101,94	-0,16
3.1.2005	1.577,92	0,77	102,10	-0,06
31.12.2004	1.565,81	0,06	102,17	-0,43
30.12.2004	1.564,94	0,52	102,61	-0,50
29.12.2004	1.556,83	3,56	103,12	-0,03
28.12.2004	1.503,31	-0,67	103,16	0,00
27.12.2004	1.513,39	-3,47	103,16	-0,04
23.12.2004	1.567,86	0,30	103,20	0,14
22.12.2004	1.563,16	-0,03	103,05	0,07
21.12.2004	1.563,65	0,37	102,98	0,06
20.12.2004	1.557,94	0,36	102,91	0,20
17.12.2004	1.552,40	0,44	102,71	0,10
16.12.2004	1.545,65	-0,09	102,60	0,18
15.12.2004	1.546,98	-0,05	102,41	-0,36
14.12.2004	1.547,81	-0,32	102,78	-0,31
13.12.2004	1.552,83	0,19	103,10	-0,15
10.12.2004	1.549,84	-0,50	103,26	0,10
9.12.2004	1.557,64	-0,11	103,16	0,48
8.12.2004	1.559,39	-0,83	102,66	-0,10
7.12.2004	1.572,44	2,00	102,77	0,05
6.12.2004	1.541,68	-1,93	102,72	0,20
3.12.2004	1.571,95	-0,72	102,52	-0,05
2.12.2004	1.583,32	0,65	102,57	0,36
1.12.2004	1.573,11	-1,72	102,21	-0,10
30.11.2004	1.600,71	-1,26	102,31	0,01
29.11.2004	1.621,12	3,10	102,30	-0,58
26.11.2004	1.572,45	0,58	102,90	-0,25
25.11.2004	1.563,37	0,07	103,16	0,38
24.11.2004	1.562,20	2,96	102,77	0,11
23.11.2004	1.517,23	0,42	102,65	0,37
22.11.2004	1.510,82	2,70	102,27	0,26
19.11.2004	1.471,15	-0,68	102,01	-0,17
18.11.2004	1.481,20	-0,02	102,18	-0,07
17.11.2004	1.481,51	0,34	102,25	-0,02
16.11.2004	1.476,42	1,14	102,27	0,10
15.11.2004	1.459,76	0,93	102,16	0,11
12.11.2004	1.446,35	0,09	102,05	0,02
11.11.2004	1.445,12	-0,72	102,02	-0,02
10.11.2004	1.455,53	0,09	102,04	0,02
9.11.2004	1.454,21	1,80	102,02	-0,08
8.11.2004	1.428,56	0,44	102,11	-0,08
5.11.2004	1.422,35	-0,48	102,19	0,13
4.11.2004	1.429,19	-1,64	102,05	0,21
3.11.2004	1.452,98	1,23	101,84	0,07
2.11.2004	1.435,31	-1,05	101,77	0,00
29.10.2004	1.450,49	0,38	101,77	0,06
28.10.2004	1.444,99	0,28	101,71	0,01
27.10.2004	1.440,94	1,64	101,70	0,03
26.10.2004	1.417,66	-0,66	101,67	-0,19
25.10.2004	1.427,15	-0,15	101,87	0,11
22.10.2004	1.429,29	0,85	101,76	-0,03
21.10.2004	1.417,20	1,60	101,79	-0,04
20.10.2004	1.394,92	-2,14	101,84	0,17
19.10.2004	1.425,49	-0,10	101,67	-0,02
18.10.2004	1.426,86	-0,29	101,69	-0,46
15.10.2004	1.431,08	1,31	102,16	-0,02
14.10.2004	1.412,54	1,48	102,18	-0,05
13.10.2004	1.391,99	1,02	102,23	0,43
12.10.2004	1.377,99	0,00	101,79	0,33
11.10.2004	1.377,97	2,49	101,45	-0,28
7.10.2004	1.344,53	0,33	101,74	-0,08
6.10.2004	1.340,06	-0,87	101,81	-0,27
5.10.2004	1.351,86	-1,21	102,09	-0,15
4.10.2004	1.368,38	-0,58	102,24	-0,01
1.10.2004	1.376,40	-0,85	102,26	-0,12
30.9.2004	1.388,23	3,28	102,38	-0,11
29.9.2004	1.344,16	1,01	102,49	-0,07
28.9.2004	1.330,76	1,33	102,57	0,00
27.9.2004	1.313,28	0,93	102,56	-0,05
24.9.2004	1.301,19	0,28	102,61	-0,17
23.9.2004	1.297,51	-0,05	102,79	0,14
22.9.2004	1.298,21	-0,67	102,64	0,57
21.9.2004	1.306,96	0,29	102,07	0,16
20.9.2004	1.303,15	-0,26	101,90	0,22
17.9.2004	1.306,55	1,02	101,68	0,16
16.9.2004	1.293,33	1,42	101,51	-0,08
15.9.2004	1.275,17	-0,01	101,60	-0,05
14.9.2004	1.275,30	-0,83	101,65	-0,08
13.9.2004	1.285,95	0,48	101,73	0,02
10.9.2004	1.279,83	0,30	101,71	0,08
9.9.2004	1.275,95	0,16	101,64	0,01
8.9.2004	1.273,94	2,50	101,63	-0,08
7.9.2004	1.242,88	-0,17	101,70	0,00
6.9.2004	1.244,97	1,79	101,71	-0,02
3.9.2004	1.223,06	-1,18	101,72	-0,17
2.9.2004	1.237,72	-0,39	101,89	0,02
1.9.2004	1.242,52	1,29	101,87	-0,11
31.8.2004	1.226,72	0,77	101,98	-0,34
30.8.2004	1.217,37	1,89	102,33	0,00
27.8.2004	1.194,80	-0,38	102,33	-0,01
26.8.2004	1.199,37	0,26	102,34	0,05
25.8.2004	1.196,27	0,32	102,29	-0,07
24.8.2004	1.192,43	-0,07	102,36	-0,13
23.8.2004	1.193,29	0,28	102,49	-0,01
20.8.2004	1.190,00	0,45	102,50	-0,05
19.8.2004	1.184,72	0,48	102,55	0,00
18.8.2004	1.179,08	-0,04	102,55	0,01
17.8.2004	1.179,53	-0,22	102,54	0,13
16.8.2004	1.182,12	-0,06	102,40	0,40
13.8.2004	1.182,79	-1,65	102,00	0,05
12.8.2004	1.202,62	0,72	101,95	0,03
11.8.2004	1.194,07	1,37	101,92	0,15
10.8.2004	1.177,99	0,14	101,76	0,18
9.8.2004	1.176,31	-0,73	101,58	0,20
6.8.2004	1.184,95	-0,96	101,38	0,49
4.8.2004	1.196,39	1,32	100,89	0,01
3.8.2004	1.180,83	0,78	100,88	-0,40
2.8.2004	1.171,73	-1,34	101,28	0,00
30.7.2004	1.187,59	0,40	101,28	0,06
29.7.2004	1.182,90	0,56	101,22	0,06
28.7.2004	1.176,36	-0,18	101,16	0,18
27.7.2004	1.178,47	1,22	100,98	0,05
26.7.2004	1.164,30	-1,21	100,93	0,03
23.7.2004	1.178,54	1,73	100,90	-0,05
22.7.2004	1.158,51	-0,20	100,95	0,29
21.7.2004	1.160,87	0,26	100,66	0,03
20.7.2004	1.157,82	-0,71	100,63	-0,33
19.7.2004	1.166,15	0,86	100,97	-0,10
16.7.2004	1.156,15	-1,19	101,07	0,08
15.7.2004	1.170,04	-0,21	100,99	0,10
14.7.2004	1.172,55	0,21	100,90	0,13
13.7.2004	1.170,14	1,20	100,77	0,06
12.7.2004	1.156,25	0,28	100,71	0,14
9.7.2004	1.153,04	0,08	100,56	0,02
8.7.2004	1.152,15	-0,24	100,55	0,12
7.7.2004	1.154,93	-0,42	100,43	0,13
6.7.2004	1.159,85	-0,76	100,30	0,00
5.7.2004	1.168,78	-0,60	100,30	0,16
2.7.2004	1.175,83	0,36	100,14	0,49
1.7.2004	1.171,57	2,18	99,65	0,09
30.6.2004	1.146,52	-1,49	99,56	0,01
29.6.2004	1.163,86	0,86	99,56	0,02
28.6.2004	1.153,98	1,21	99,53	0,00
24.6.2004	1.140,20	-0,18	99,53	0,13
23.6.2004	1.142,29	0,00	99,40	0,06
21.6.2004	1.142,27	-0,02	99,34	0,23
18.6.2004	1.142,48	-0,08	99,11	0,01
17.6.2004	1.143,42	0,73	99,09	-0,09
16.6.2004	1.135,13	-0,17	99,18	-0,02
15.6.2004	1.137,06	0,07	99,20	-0,18
14.6.2004	1.136,31	-0,28	99,37	0,01
11.6.2004	1.139,53	-0,11	99,37	-0,10
9.6.2004	1.140,75	0,35	99,46	-0,09
8.6.2004	1.136,74	-0,55	99,56	0,30
7.6.2004	1.143,03	-1,13	99,26	0,31
4.6.2004	1.156,06	0,62	98,95	0,03
3.6.2004	1.148,89	0,95	98,92	-0,05
2.6.2004	1.138,04	0,73	98,97	0,14
1.6.2004	1.129,82	-0,59	98,83	-0,02
31.5.2004	1.136,47	-1,82	98,85	-0,01
28.5.2004	1.157,55	0,12	98,86	0,15
27.5.2004	1.156,14	0,86	98,71	0,13
26.5.2004	1.146,31	0,23	98,58	0,09
25.5.2004	1.143,69	1,48	98,49	-0,04
24.5.2004	1.126,99	0,97	98,53	-0,25
21.5.2004	1.116,13	-0,42	98,78	0,01
20.5.2004	1.120,89	-0,22	98,76	0,06
19.5.2004	1.123,37	1,81	98,70	-0,40
18.5.2004	1.103,42	1,03	99,10	0,00
17.5.2004	1.092,16	-2,49	99,10	-0,06
14.5.2004	1.120,06	0,15	99,16	-0,06
13.5.2004	1.118,38	-0,57	99,22	-0,08
12.5.2004	1.124,84	-0,85	99,30	0,07
11.5.2004	1.134,43	-0,04	99,23	0,00
10.5.2004	1.134,84	-2,94	99,23	0,01
7.5.2004	1.169,19	-1,46	99,22	0,25
6.5.2004	1.186,52	-1,11	98,97	0,00
5.5.2004	1.199,88	0,15	98,96	0,05
4.5.2004	1.198,06	2,09	98,92	0,02
3.5.2004	1.173,54	-0,17	98,89	0,09
30.4.2004	1.175,49	-1,40	98,80	-0,11
29.4.2004	1.192,18	-0,67	98,91	-0,25
28.4.2004	1.200,19	-0,70	99,16	-0,23
27.4.2004	1.208,66	-1,13	99,39	-0,22
26.4.2004	1.222,50	0,63	99,61	-0,44
23.4.2004	1.214,89	0,00	100,06	-0,10
22.4.2004	1.214,89	-0,16	100,16	0,04
21.4.2004	1.216,80	-1,46	100,12	0,10
20.4.2004	1.234,88	-0,22	100,01	0,35
19.4.2004	1.237,56	-0,29	99,67	0,06
16.4.2004	1.241,13	1,72	99,61	0,02
15.4.2004	1.220,10	-0,97	99,59	-0,02
14.4.2004	1.232,08	-0,07	99,61	0,01
13.4.2004	1.232,96	0,93	99,61	-0,15
9.4.2004	1.221,65	0,00	99,76	0,00
8.4.2004	1.221,65	3,19	99,76	-0,06
7.4.2004	1.183,94	1,29	99,82	-0,17
6.4.2004	1.168,83	0,81	99,99	-0,33
5.4.2004	1.159,42	0,98	100,32	-0,38
2.4.2004	1.148,17	-0,67	100,70	0,72
1.4.2004	1.155,88	-0,43	99,98	0,07
31.3.2004	1.160,83	0,13	99,92	0,07
30.3.2004	1.159,31	1,57	99,85	0,03
29.3.2004	1.141,42	-0,52	99,82	0,19
26.3.2004	1.147,37	0,52	99,63	0,02
25.3.2004	1.141,48	0,48	99,61	-0,10
24.3.2004	1.136,08	0,00	99,71	0,00
23.3.2004	1.136,10	-1,62	99,71	0,04
22.3.2004	1.154,77	-0,86	99,67	0,12
19.3.2004	1.164,84	-0,57	99,55	-0,01
18.3.2004	1.171,51	-0,41	99,56	-0,26
17.3.2004	1.176,31	-0,13	99,82	0,02
16.3.2004	1.177,82	0,26	99,80	-0,17
15.3.2004	1.174,76	-0,03	99,97	-0,06
12.3.2004	1.175,11	-0,47	100,03	-0,08
11.3.2004	1.180,67	-0,58	100,12	0,09
10.3.2004	1.187,58	-0,08	100,02	0,08
9.3.2004	1.188,59	-0,40	99,94	-0,08
8.3.2004	1.193,35	-0,18	100,02	0,02
5.3.2004	1.195,55	-0,65	100,00	0,16
4.3.2004	1.203,38	1,09	99,84	0,06
3.3.2004	1.190,43	0,10	99,79	0,10
2.3.2004	1.189,20	0,28	99,69	-0,07
1.3.2004	1.185,84	0,73	99,76	0,05
27.2.2004	1.177,29	-0,36	99,71	-0,27
26.2.2004	1.181,58	-0,30	99,99	-0,17
25.2.2004	1.185,15	-0,80	100,16	0,00
24.2.2004	1.194,71	0,03	100,16	-0,09
23.2.2004	1.194,38	-0,44	100,25	0,01
20.2.2004	1.199,64	0,36	100,24	0,00
19.2.2004	1.195,29	-0,14	100,25	0,35
18.2.2004	1.196,93	-0,01	99,90	-0,48
17.2.2004	1.197,07	0,36	100,38	-0,14
16.2.2004	1.192,74	-0,30	100,53	-0,06
13.2.2004	1.196,38	-0,22	100,59	-0,08
12.2.2004	1.199,02	-0,03	100,67	0,18
11.2.2004	1.199,41	1,23	100,49	0,25
10.2.2004	1.184,84	0,27	100,24	0,03
9.2.2004	1.181,67	-0,09	100,21	0,49
6.2.2004	1.182,74	-0,79	99,72	0,05
5.2.2004	1.192,17	-0,17	99,67	-0,16
4.2.2004	1.194,20	-1,10	99,83	-0,29
3.2.2004	1.207,43	0,16	100,12	-0,09
2.2.2004	1.205,55	0,66	100,21	0,06
30.1.2004	1.197,61	-0,07	100,15	-0,17
29.1.2004	1.198,50	-0,14	100,33	-0,12
28.1.2004	1.200,19	-0,23	100,45	-0,08
27.1.2004	1.203,00	-0,03	100,53	-0,10
26.1.2004	1.203,35	0,08	100,64	-0,25
23.1.2004	1.202,38	0,45	100,89	-0,02
22.1.2004	1.197,01	-0,50	100,91	-0,07
21.1.2004	1.203,06	0,49	100,98	-0,20
20.1.2004	1.197,20	-0,19	101,18	0,01
19.1.2004	1.199,42	-0,54	101,17	0,02
16.1.2004	1.205,92	0,67	101,15	-0,04
15.1.2004	1.197,95	-0,06	101,19	-0,02
14.1.2004	1.198,66	0,52	101,21	-0,14
13.1.2004	1.192,48	-0,75	101,35	-0,05
12.1.2004	1.201,52	0,84	101,40	0,11
9.1.2004	1.191,53	-0,09	101,29	0,08
8.1.2004	1.192,60	-0,95	101,21	0,07
7.1.2004	1.203,98	0,96	101,14	0,15
5.1.2004	1.192,52	0,98	100,99	0,21
2.1.2004	1.180,91	-0,36	100,78	-0,24
31.12.2003	1.185,13	0,69	101,02	0,13
30.12.2003	1.177,02	-0,35	100,89	0,19
29.12.2003	1.181,10	-0,54	100,70	0,02
24.12.2003	1.187,50	0,00	100,68	0,00
23.12.2003	1.187,50	0,91	100,68	0,13
22.12.2003	1.176,79	0,35	100,55	0,19
19.12.2003	1.172,67	-0,28	100,35	0,04
18.12.2003	1.175,93	0,18	100,31	-0,09
17.12.2003	1.173,82	0,80	100,41	-0,04
16.12.2003	1.164,46	-0,51	100,44	-0,19
15.12.2003	1.170,42	-0,18	100,64	-0,13
12.12.2003	1.172,49	-0,87	100,76	-0,04
11.12.2003	1.182,80	0,11	100,80	0,02
10.12.2003	1.181,54	-0,77	100,78	-0,04
9.12.2003	1.190,74	-0,11	100,82	0,01
8.12.2003	1.192,08	-0,34	100,81	0,09
5.12.2003	1.196,18	-0,20	100,73	-0,16
4.12.2003	1.198,61	-0,46	100,89	0,07
3.12.2003	1.204,10	0,12	100,82	0,01
2.12.2003	1.202,64	0,84	100,81	0,02
1.12.2003	1.192,58	0,42	100,79	0,00
28.11.2003	1.187,59	-0,73	100,79	-0,03
27.11.2003	1.196,38	0,16	100,82	-0,07
26.11.2003	1.194,46	1,06	100,89	-0,08
25.11.2003	1.181,99	0,04	100,97	0,06
24.11.2003	1.181,54	-0,95	100,91	-0,07
21.11.2003	1.192,92	-0,32	100,98	-0,27
20.11.2003	1.196,76	-0,30	101,26	-0,17
19.11.2003	1.200,40	-1,09	101,43	0,09
18.11.2003	1.213,68	0,37	101,34	0,34
17.11.2003	1.209,26	0,76	100,99	-0,01
14.11.2003	1.200,11	1,12	101,00	0,08
13.11.2003	1.186,85	-0,08	100,92	-0,03
12.11.2003	1.187,81	1,09	100,95	-0,13
11.11.2003	1.174,98	0,22	101,08	0,07
10.11.2003	1.172,44	0,35	101,01	0,04
7.11.2003	1.168,37	0,27	100,97	-0,16
6.11.2003	1.165,21	0,69	101,13	0,03
5.11.2003	1.157,22	0,17	101,10	-0,03
4.11.2003	1.155,31	1,19	101,14	-0,04
3.11.2003	1.141,73	0,03	101,18	0,07
31.10.2003	1.141,36	-0,01	101,11	0,03
30.10.2003	1.141,51	-0,18	101,08	-0,08
29.10.2003	1.143,56	-1,45	101,15	-0,05
28.10.2003	1.160,37	0,51	101,20	-0,01
27.10.2003	1.154,49	0,48	101,22	-0,06
24.10.2003	1.148,96	0,52	101,28	-0,13
23.10.2003	1.142,97	0,06	101,40	0,06
22.10.2003	1.142,23	-0,09	101,34	-0,01
21.10.2003	1.143,28	1,25	101,35	0,04
20.10.2003	1.129,11	-1,10	101,32	-0,19
17.10.2003	1.141,63	-1,74	101,51	0,10
16.10.2003	1.161,89	0,28	101,41	0,05
15.10.2003	1.158,60	-0,12	101,36	-0,11
14.10.2003	1.160,01	0,74	101,48	-0,08
13.10.2003	1.151,54	0,64	101,56	-0,02
10.10.2003	1.144,17	3,13	101,58	-0,02
9.10.2003	1.109,43	-1,21	101,60	0,02
7.10.2003	1.123,07	-3,55	101,58	0,00
6.10.2003	1.164,44	5,55	101,58	0,05
3.10.2003	1.103,19	0,32	101,53	0,03
2.10.2003	1.099,66	-0,02	101,50	-0,07
1.10.2003	1.099,90	0,61	101,57	-0,01
30.9.2003	1.093,18	-1,26	101,57	-0,06
29.9.2003	1.107,17	-0,58	101,63	-0,09
26.9.2003	1.113,62	-0,49	101,72	-0,03
25.9.2003	1.119,08	-0,62	101,75	0,01
24.9.2003	1.126,11	0,33	101,74	-0,08
23.9.2003	1.122,40	-1,08	101,83	0,44
22.9.2003	1.134,68	-0,26	101,38	0,00
19.9.2003	1.137,68	-1,78	101,38	0,09
18.9.2003	1.158,31	0,00	101,29	-0,07
17.9.2003	1.158,31	0,00	101,36	-0,01
16.9.2003	1.158,31	-0,87	101,37	-0,15
15.9.2003	1.168,46	-0,14	101,52	0,25
12.9.2003	1.170,05	0,33	101,27	-0,10
11.9.2003	1.166,19	-0,83	101,37	0,24
10.9.2003	1.175,92	-0,05	101,13	-0,12
9.9.2003	1.176,47	0,36	101,26	-0,16
8.9.2003	1.172,28	0,38	101,42	-0,02
5.9.2003	1.167,87	-0,33	101,43	-0,12
4.9.2003	1.171,68	0,11	101,55	0,08
3.9.2003	1.170,41	-0,25	101,47	-0,18
2.9.2003	1.173,36	0,40	101,65	-0,35
1.9.2003	1.168,71	-0,03	102,01	-0,01
29.8.2003	1.169,11	-0,48	102,01	0,05
28.8.2003	1.174,78	0,34	101,96	0,13
27.8.2003	1.170,76	-0,70	101,83	-0,07
26.8.2003	1.179,07	0,37	101,90	-0,02
25.8.2003	1.174,78	-0,08	101,91	-0,04
22.8.2003	1.175,68	1,88	101,95	-0,06
21.8.2003	1.154,01	0,64	102,01	0,24
20.8.2003	1.146,70	-0,17	101,77	0,46
19.8.2003	1.148,62	0,53	101,31	-0,53
18.8.2003	1.142,62	-0,12	101,85	-0,05
14.8.2003	1.144,01	-0,91	101,90	-0,72
13.8.2003	1.154,56	1,37	102,64	0,02
12.8.2003	1.138,91	0,68	102,61	-0,21
11.8.2003	1.131,27	-0,51	102,83	0,22
8.8.2003	1.137,02	0,88	102,60	0,08
7.8.2003	1.127,10	0,65	102,52	0,33
6.8.2003	1.119,82	-0,43	102,19	0,06
4.8.2003	1.124,71	-0,28	102,13	-0,20
1.8.2003	1.127,83	-0,84	102,34	-0,05
31.7.2003	1.137,34	0,15	102,39	-0,43
30.7.2003	1.135,64	-0,51	102,84	0,01
29.7.2003	1.141,41	0,12	102,83	0,22
28.7.2003	1.140,00	0,25	102,60	0,25
25.7.2003	1.137,18	1,79	102,34	0,06
24.7.2003	1.117,16	0,89	102,28	-0,05
23.7.2003	1.107,28	-0,15	102,33	-0,03
22.7.2003	1.108,90	-0,55	102,36	-0,05
21.7.2003	1.115,01	-8,63	102,42	0,01
18.7.2003	1.220,37	0,94	102,41	0,08
17.7.2003	1.209,00	-0,83	102,33	-0,11
16.7.2003	1.219,09	-0,66	102,44	-0,07
15.7.2003	1.227,16	0,36	102,51	0,01
14.7.2003	1.222,74	1,32	102,51	0,00
11.7.2003	1.206,84	1,07	102,50	0,03
10.7.2003	1.194,11	0,48	102,47	-0,01
9.7.2003	1.188,44	-1,18	102,48	0,12
8.7.2003	1.202,59	1,63	102,36	-0,15
7.7.2003	1.183,35	1,73	102,52	0,02
4.7.2003	1.163,18	-0,06	102,50	-0,03
3.7.2003	1.163,89	-0,01	102,53	-0,04
2.7.2003	1.163,99	0,34	102,58	0,00
1.7.2003	1.159,99	-0,10	102,58	0,00
30.6.2003	1.161,15	0,43	102,58	-0,06
27.6.2003	1.156,21	0,03	102,65	0,08
26.6.2003	1.155,88	-0,23	102,56	-0,04
24.6.2003	1.158,55	-1,16	102,60	0,10
23.6.2003	1.172,18	0,24	102,50	-0,05
20.6.2003	1.169,43	0,42	102,54	0,04
18.6.2003	1.164,51	-0,99	102,50	-0,06
17.6.2003	1.176,17	2,72	102,57	0,11
16.6.2003	1.145,05	-0,33	102,45	0,02
13.6.2003	1.148,79	-2,34	102,43	0,06
12.6.2003	1.176,33	0,90	102,36	0,09
11.6.2003	1.165,85	0,61	102,27	0,18
10.6.2003	1.158,82	-0,09	102,08	-0,16
9.6.2003	1.159,85	-0,02	102,25	0,06
6.6.2003	1.160,07	0,29	102,19	0,10
5.6.2003	1.156,75	-0,20	102,08	0,06
4.6.2003	1.159,03	3,17	102,02	0,00
3.6.2003	1.123,43	-2,91	102,02	0,07
2.6.2003	1.157,09	0,86	101,95	-0,12
30.5.2003	1.147,26	-0,22	102,07	0,03
29.5.2003	1.149,75	3,01	102,04	0,12
28.5.2003	1.116,14	2,19	101,92	0,26
27.5.2003	1.092,26	0,01	101,66	-0,07
26.5.2003	1.092,18	-0,83	101,74	0,37
23.5.2003	1.101,31	0,45	101,37	0,10
22.5.2003	1.096,34	0,83	101,26	0,54
21.5.2003	1.087,28	-0,35	100,72	-0,09
20.5.2003	1.091,13	-0,75	100,82	0,06
19.5.2003	1.099,34	0,17	100,76	-0,11
16.5.2003	1.097,43	-0,21	100,87	0,23
15.5.2003	1.099,71	0,62	100,64	-0,08
14.5.2003	1.092,93	-0,19	100,72	0,01
13.5.2003	1.095,02	-0,06	100,71	-0,06
12.5.2003	1.095,65	-1,09	100,77	-0,29
9.5.2003	1.107,68	0,70	101,07	0,00
8.5.2003	1.100,01	-1,81	101,07	-0,27
7.5.2003	1.120,27	-0,56	101,34	0,27
6.5.2003	1.126,59	0,95	101,06	-0,05
5.5.2003	1.116,00	0,22	101,11	0,03
2.5.2003	1.113,56	-0,60	101,08	0,12
30.4.2003	1.120,26	-0,48	100,96	-0,29
29.4.2003	1.125,61	0,79	101,26	0,13
28.4.2003	1.116,81	-0,93	101,13	0,12
25.4.2003	1.127,27	0,74	101,01	0,05
24.4.2003	1.118,94	0,58	100,96	-0,04
23.4.2003	1.112,52	-0,01	101,00	0,06
22.4.2003	1.112,62	1,12	100,94	0,17
18.4.2003	1.100,35	0,00	100,77	0,00
17.4.2003	1.100,35	-0,05	100,77	0,02
16.4.2003	1.100,91	-1,11	100,75	-0,27
15.4.2003	1.113,28	0,00	101,03	0,19
14.4.2003	1.113,28	1,08	100,84	0,07
11.4.2003	1.101,43	1,39	100,77	0,34
10.4.2003	1.086,38	-1,71	100,43	0,73
9.4.2003	1.105,31	0,71	99,70	0,64
8.4.2003	1.097,47	1,59	99,06	0,16
7.4.2003	1.080,26	2,21	98,90	0,04
4.4.2003	1.056,89	-0,08	98,86	-0,42
3.4.2003	1.057,71	0,29	99,28	-0,56
2.4.2003	1.054,64	0,09	99,84	-0,17
1.4.2003	1.053,72	-0,24	100,01	-0,42
31.3.2003	1.056,29	0,68	100,43	-0,11
28.3.2003	1.049,20	0,12	100,55	-0,42
27.3.2003	1.047,98	1,06	100,97	-0,16
26.3.2003	1.036,98	1,01	101,13	-0,07
25.3.2003	1.026,57	0,64	101,20	0,36
24.3.2003	1.020,09	-0,67	100,84	0,00
21.3.2003	1.026,93	1,47	100,84	0,06
20.3.2003	1.012,04	2,17	100,78	0,07
19.3.2003	990,50	-0,61	100,71	-0,29
18.3.2003	996,53	0,12	101,00	-0,28
17.3.2003	995,31	-0,99	101,28	-0,08
14.3.2003	1.005,28	0,53	101,36	0,01
13.3.2003	999,97	-0,10	101,36	-0,26
12.3.2003	1.000,98	0,45	101,63	-0,05
11.3.2003	996,49	-0,11	101,67	0,02
10.3.2003	997,56	-0,53	101,65	-0,07
7.3.2003	1.002,91	-2,25	101,72	-0,08
6.3.2003	1.026,03	-1,37	101,81	-0,04
5.3.2003	1.040,24	-0,73	101,85	0,08
4.3.2003	1.047,84	-0,56	101,77	0,04
3.3.2003	1.053,73	0,17	101,73	-0,05
28.2.2003	1.051,93	0,45	101,78	0,05
27.2.2003	1.047,23	0,05	101,73	-0,07
26.2.2003	1.046,68	-0,17	101,80	-0,01
25.2.2003	1.048,44	-0,29	101,81	-0,06
24.2.2003	1.051,49	-0,80	101,87	-0,07
21.2.2003	1.060,00	-0,86	101,94	-0,08
20.2.2003	1.069,24	-0,23	102,02	-0,01
19.2.2003	1.071,69	-0,24	102,04	0,08
18.2.2003	1.074,30	0,31	101,95	-0,03
17.2.2003	1.070,98	0,35	101,99	0,05
14.2.2003	1.067,26	-0,15	101,94	-0,01
13.2.2003	1.068,90	-0,03	101,95	0,04
12.2.2003	1.069,18	-0,13	101,90	0,08
11.2.2003	1.070,52	-1,01	101,82	0,00
10.2.2003	1.081,44	-1,23	101,82	0,11
7.2.2003	1.094,96	-0,02	101,70	-0,18
6.2.2003	1.095,14	0,01	101,88	0,00
5.2.2003	1.095,00	-0,19	101,89	0,09
4.2.2003	1.097,11	0,21	101,80	0,00
3.2.2003	1.094,85	-0,12	101,80	0,04
31.1.2003	1.096,14	0,40	101,76	-0,02
30.1.2003	1.091,76	0,12	101,78	0,00
29.1.2003	1.090,46	-2,08	101,79	-0,01
28.1.2003	1.113,64	-0,03	101,79	-0,18
27.1.2003	1.113,97	-0,68	101,98	0,02
24.1.2003	1.121,64	-5,33	101,96	0,26
23.1.2003	1.184,74	0,14	101,70	0,03
22.1.2003	1.183,14	-0,30	101,67	0,15
21.1.2003	1.186,73	-0,07	101,52	0,06
20.1.2003	1.187,51	0,34	101,46	-0,06
17.1.2003	1.183,49	-0,98	101,52	-0,06
16.1.2003	1.195,20	1,01	101,58	0,01
15.1.2003	1.183,27	0,77	101,57	0,08
14.1.2003	1.174,20	0,85	101,48	-0,03
13.1.2003	1.164,26	-0,59	101,51	-0,04
10.1.2003	1.171,21	0,62	101,55	-0,05
9.1.2003	1.164,00	-0,36	101,61	0,06
8.1.2003	1.168,23	0,14	101,54	0,00
7.1.2003	1.166,57	-0,97	101,55	-0,06
3.1.2003	1.178,01	0,63	101,61	0,17
2.1.2003	1.170,69	-0,16	101,43	0,16
30.12.2002	1.172,58	1,09	101,27	0,04
27.12.2002	1.159,92	-0,20	101,23	-0,02
24.12.2002	1.162,25	0,00	101,25	0,00
23.12.2002	1.162,25	-0,34	101,25	-0,15
20.12.2002	1.166,27	0,70	101,40	0,09
19.12.2002	1.158,19	-0,14	101,31	0,18
18.12.2002	1.159,87	0,50	101,13	0,02
17.12.2002	1.154,15	-0,27	101,11	-0,08
16.12.2002	1.157,31	0,22	101,19	-0,11
13.12.2002	1.154,73	-0,66	101,30	0,19
12.12.2002	1.162,40	0,26	101,11	0,15
11.12.2002	1.159,37	0,21	100,97	0,16
10.12.2002	1.156,95	0,59	100,80	-0,01
9.12.2002	1.150,12	-1,23	100,81	0,15
6.12.2002	1.164,41	-0,32	100,66	1,29
5.12.2002	1.168,20	1,55	99,38	-0,57
4.12.2002	1.150,33	-0,58	99,95	-0,67
3.12.2002	1.157,02	-1,03	100,62	0,23
2.12.2002	1.169,07	0,21	100,39	-0,15
29.11.2002	1.166,66	0,69	100,54	0,00
28.11.2002	1.158,64	0,53	100,55	-0,10
27.11.2002	1.152,51	1,27	100,65	0,08
26.11.2002	1.138,04	0,01	100,57	-0,09
25.11.2002	1.137,93	1,17	100,66	0,03
22.11.2002	1.124,78	0,06	100,63	0,07
21.11.2002	1.124,11	1,58	100,56	0,10
20.11.2002	1.106,60	-1,19	100,46	0,06
19.11.2002	1.119,96	0,32	100,40	0,13
18.11.2002	1.116,39	0,55	100,28	-0,04
15.11.2002	1.110,29	-0,13	100,32	-0,01
14.11.2002	1.111,68	1,39	100,33	0,06
13.11.2002	1.096,39	0,70	100,27	0,06
12.11.2002	1.088,75	-1,17	100,21	0,33
11.11.2002	1.101,68	0,75	99,88	-0,02
8.11.2002	1.093,47	-0,98	99,90	-0,03
7.11.2002	1.104,32	1,09	99,93	0,00
6.11.2002	1.092,40	0,43	99,94	-0,30
5.11.2002	1.087,70	-1,04	100,23	0,22
4.11.2002	1.099,11	0,26	100,02	0,09
31.10.2002	1.096,22	-0,49	99,92	-0,14
30.10.2002	1.101,60	1,35	100,07	-0,12
29.10.2002	1.086,91	0,74	100,19	-0,04
28.10.2002	1.078,88	-1,49	100,23	0,05
25.10.2002	1.095,21	0,68	100,18	-0,22
24.10.2002	1.087,76	0,35	100,40	0,05
23.10.2002	1.083,93	0,00	100,35	-0,14
22.10.2002	1.083,92	0,31	100,49	0,02
21.10.2002	1.080,55	1,09	100,47	0,01
18.10.2002	1.068,86	-0,23	100,46	0,21
17.10.2002	1.071,34	-0,41	100,26	-0,17
16.10.2002	1.075,80	-1,65	100,43	-0,43
15.10.2002	1.093,83	0,57	100,86	-0,19
14.10.2002	1.087,67	-0,52	101,05	0,38
11.10.2002	1.093,39	-0,08	100,67	0,00
10.10.2002	1.094,25	-0,57	100,67	0,03
9.10.2002	1.100,57	0,12	100,64	0,10
7.10.2002	1.099,25	-0,57	100,54	-0,18
4.10.2002	1.105,59	0,37	100,72	0,30
3.10.2002	1.101,50	0,04	100,43	0,10
2.10.2002	1.101,02	0,42	100,33	0,06
1.10.2002	1.096,44	-1,23	100,27	0,27
30.9.2002	1.110,11	1,05	100,00	
27.9.2002	1.098,55	0,19		
26.9.2002	1.096,51	-1,16		
25.9.2002	1.109,37	-0,68		
24.9.2002	1.117,02	0,03		
23.9.2002	1.116,67	-0,34		
20.9.2002	1.120,50	0,42		
19.9.2002	1.115,86	0,12		
18.9.2002	1.114,50	-0,57		
17.9.2002	1.120,92	0,82		
16.9.2002	1.111,84	-0,26		
13.9.2002	1.114,72	-0,47		
12.9.2002	1.119,95	-1,30		
11.9.2002	1.134,72	0,55		
10.9.2002	1.128,47	0,23		
9.9.2002	1.125,88	-0,19		
6.9.2002	1.127,99	0,82		
5.9.2002	1.118,84	1,09		
4.9.2002	1.106,81	0,76		
3.9.2002	1.098,43	-0,94		
2.9.2002	1.108,81	-0,12		
30.8.2002	1.110,19	0,56		
29.8.2002	1.104,06	0,00		
28.8.2002	1.104,11	-0,30		
27.8.2002	1.107,40	0,81		
26.8.2002	1.098,55	-0,17		
23.8.2002	1.100,38	2,01		
22.8.2002	1.078,74	0,12		
21.8.2002	1.077,47	0,54		
20.8.2002	1.071,63	-0,26		
19.8.2002	1.074,46	0,32		
16.8.2002	1.071,04	-0,05		
14.8.2002	1.071,54	-1,52		
13.8.2002	1.088,05	0,44		
12.8.2002	1.083,25	-0,98		
9.8.2002	1.093,92	-0,94		
8.8.2002	1.104,25	-0,56		
7.8.2002	1.110,42	0,36		
6.8.2002	1.106,44	0,01		
2.8.2002	1.106,36	0,34		
1.8.2002	1.102,58	1,48		
31.7.2002	1.086,47	0,52		
30.7.2002	1.080,84	0,49		
29.7.2002	1.075,58	0,01		
26.7.2002	1.075,48	1,29		
25.7.2002	1.061,74	1,05		
24.7.2002	1.050,71	-2,64		
23.7.2002	1.079,20	0,31		
22.7.2002	1.075,90	0,59		
19.7.2002	1.069,54	-1,88		
18.7.2002	1.090,00	-0,79		
17.7.2002	1.098,67	0,78		
16.7.2002	1.090,19	0,20		
15.7.2002	1.087,98	-2,37		
12.7.2002	1.114,39	-0,62		
11.7.2002	1.121,37	-1,53		
10.7.2002	1.138,85	-0,83		
9.7.2002	1.148,41	0,30		
8.7.2002	1.144,97	-1,34		
5.7.2002	1.160,52	-0,37		
4.7.2002	1.164,78	2,87		
3.7.2002	1.132,33	-0,54		
2.7.2002	1.138,49	-0,39		
1.7.2002	1.142,92	-1,30		
28.6.2002	1.157,93	0,36		
27.6.2002	1.153,78	-0,24		
26.6.2002	1.156,54	-0,56		
24.6.2002	1.163,03	-1,10		
21.6.2002	1.175,95	-1,49		
20.6.2002	1.193,68	-0,22		
19.6.2002	1.196,29	0,45		
18.6.2002	1.190,96	-0,13		
17.6.2002	1.192,49	0,01		
14.6.2002	1.192,34	0,39		
13.6.2002	1.187,66	1,92		
12.6.2002	1.165,33	0,13		
11.6.2002	1.163,82	-0,78		
10.6.2002	1.172,98	-1,87		
7.6.2002	1.195,28	0,64		
6.6.2002	1.187,65	-0,35		
5.6.2002	1.191,83	-1,47		
4.6.2002	1.209,65	-0,20		
3.6.2002	1.212,04	-1,16		
31.5.2002	1.226,32	-0,67		
29.5.2002	1.234,62	0,10		
28.5.2002	1.233,41	-0,13		
27.5.2002	1.235,03	-1,70		
24.5.2002	1.256,44	6,87		
23.5.2002	1.175,69	-5,90		
22.5.2002	1.249,36	2,55		
21.5.2002	1.218,30	-8,34		
20.5.2002	1.329,22	12,07		
17.5.2002	1.186,03	0,50		
16.5.2002	1.180,11	1,22		
15.5.2002	1.165,88	-0,39		
14.5.2002	1.170,41	-0,40		
13.5.2002	1.175,09	-0,37		
10.5.2002	1.179,46	-0,07		
9.5.2002	1.180,34	0,58		
8.5.2002	1.173,54	-1,58		
7.5.2002	1.192,39	-3,96		
6.5.2002	1.241,53	-0,78		
3.5.2002	1.251,24	0,66		
2.5.2002	1.242,98	0,95		
30.4.2002	1.231,26	1,42		
29.4.2002	1.214,08	2,41		
26.4.2002	1.185,49	6,75		
25.4.2002	1.110,56	-0,53		
24.4.2002	1.116,51	0,36		
23.4.2002	1.112,55	-2,66		
22.4.2002	1.142,91	-0,41		
19.4.2002	1.147,63	0,12		
18.4.2002	1.146,20	0,01		
17.4.2002	1.146,09	-8,47		
16.4.2002	1.252,21	-0,73		
15.4.2002	1.261,39	-0,22		
12.4.2002	1.264,15	-0,25		
11.4.2002	1.267,38	-0,48		
10.4.2002	1.273,43	-0,28		
9.4.2002	1.277,04	-0,32		
8.4.2002	1.281,20	1,13		
5.4.2002	1.266,84	-0,71		
4.4.2002	1.275,94	-1,09		
3.4.2002	1.289,94	0,49		
2.4.2002	1.283,59	0,29		
29.3.2002	1.279,90	-0,56		
28.3.2002	1.287,16	-0,31		
27.3.2002	1.291,20	0,48		
26.3.2002	1.285,06	-0,91		
25.3.2002	1.296,92	0,84		
22.3.2002	1.286,18	1,29		
21.3.2002	1.269,84	0,50		
20.3.2002	1.263,50	-1,15		
19.3.2002	1.278,14	-1,46		
18.3.2002	1.297,14	-0,33		
15.3.2002	1.301,41	0,59		
14.3.2002	1.293,82	0,83		
13.3.2002	1.283,12	1,05		
12.3.2002	1.269,82	1,32		
11.3.2002	1.253,22	0,38		
8.3.2002	1.248,42	-0,88		
7.3.2002	1.259,47	1,90		
6.3.2002	1.236,03	0,62		
5.3.2002	1.228,36	1,28		
4.3.2002	1.212,83	0,82		
1.3.2002	1.203,00	0,49		
28.2.2002	1.197,12	0,64		
27.2.2002	1.189,49	-0,16		
26.2.2002	1.191,45	0,23		
25.2.2002	1.188,74	-0,11		
22.2.2002	1.190,09	-0,77		
21.2.2002	1.199,27	-0,01		
20.2.2002	1.199,39	-0,04		
19.2.2002	1.199,92	-2,46		
18.2.2002	1.230,13	-1,22		
15.2.2002	1.245,30	1,29		
14.2.2002	1.229,44	-2,34		
13.2.2002	1.258,94	2,42		
12.2.2002	1.229,18	2,53		
11.2.2002	1.198,82	-0,59		
8.2.2002	1.205,89	-0,48		
7.2.2002	1.211,75	2,76		
6.2.2002	1.179,20	-0,33		
5.2.2002	1.183,09	0,18		
4.2.2002	1.180,96	1,10		
1.2.2002	1.168,12	0,08		
31.1.2002	1.167,14	-1,34		
30.1.2002	1.183,00	0,44		
29.1.2002	1.177,83	-1,83		
28.1.2002	1.199,74	0,95		
25.1.2002	1.188,48	0,33		
24.1.2002	1.184,52	-0,33		
23.1.2002	1.188,42	0,09		
22.1.2002	1.187,40	1,20		
21.1.2002	1.173,30	0,81		
18.1.2002	1.163,87	-0,45		
17.1.2002	1.169,09	1,60		
16.1.2002	1.150,71	4,35		
15.1.2002	1.102,76	1,93		
14.1.2002	1.081,84	0,21		
11.1.2002	1.079,55	0,48		
10.1.2002	1.074,39	0,29		
9.1.2002	1.071,27	0,52		
8.1.2002	1.065,70	1,13		
7.1.2002	1.053,75	0,53		
4.1.2002	1.048,16	0,47		
3.1.2002	1.043,26	-0,11		
2.1.2002	1.044,44	0,94		
28.12.2001	1.034,72	1,00		
27.12.2001	1.024,46	-0,87		
21.12.2001	1.033,47	-0,17		
20.12.2001	1.035,19	0,80		
19.12.2001	1.027,02	-0,06		
18.12.2001	1.027,62	-0,89		
17.12.2001	1.036,86	1,11		
14.12.2001	1.025,44	-0,34		
13.12.2001	1.028,91	-0,29		
12.12.2001	1.031,86	-0,65		
11.12.2001	1.038,58	0,44		
10.12.2001	1.034,03	-0,65		
7.12.2001	1.040,79	0,33		
6.12.2001	1.037,38	-0,09		
5.12.2001	1.038,29	0,65		
4.12.2001	1.031,60	0,47		
3.12.2001	1.026,79	0,96		
30.11.2001	1.017,03	0,84		
29.11.2001	1.008,56	-1,92		
28.11.2001	1.028,35	0,75		
27.11.2001	1.020,65	0,85		
26.11.2001	1.012,05	1,30		
23.11.2001	999,11	1,21		
22.11.2001	987,12	1,40		
21.11.2001	973,48	0,84		
20.11.2001	965,38	-1,79		
19.11.2001	983,01	-0,27		
16.11.2001	985,65	2,11		
15.11.2001	965,28	2,31		
14.11.2001	943,52	-0,10		
13.11.2001	944,47	1,23		
12.11.2001	933,01	-2,02		
9.11.2001	952,26	0,71		
8.11.2001	945,53	-0,80		
7.11.2001	953,17	-0,49		
6.11.2001	957,84	0,57		
5.11.2001	952,43	0,84		
2.11.2001	944,48	-0,25		
31.10.2001	946,81	0,56		
30.10.2001	941,55	-0,72		
29.10.2001	948,39	0,19		
26.10.2001	946,58	-1,53		
25.10.2001	961,25	-0,94		
24.10.2001	970,40	0,13		
23.10.2001	969,15	1,76		
22.10.2001	952,43	1,09		
19.10.2001	942,19	1,12		
18.10.2001	931,73	-0,29		
17.10.2001	934,41	0,77		
16.10.2001	927,25	-1,04		
15.10.2001	936,96	-1,77		
12.10.2001	953,89	-0,84		
11.10.2001	961,95	-0,60		
10.10.2001	967,78	-0,02		
9.10.2001	967,98	1,78		
8.10.2001	951,03	1,14		
5.10.2001	940,31	0,23		
4.10.2001	938,18	2,61		
3.10.2001	914,31	0,23		
2.10.2001	912,24	-0,59		
1.10.2001	917,62	-2,08		
28.9.2001	937,09	-0,51		
27.9.2001	941,93	2,89		
26.9.2001	915,49	4,05		
25.9.2001	879,88	1,05		
24.9.2001	870,77	-0,20		
21.9.2001	872,54	-4,24		
20.9.2001	911,15	-1,72		
19.9.2001	927,09	-2,15		
18.9.2001	947,49	-1,03		
17.9.2001	957,37	-2,61		
14.9.2001	982,98	-0,26		
13.9.2001	985,54	-0,70		
12.9.2001	992,53	-1,15		
11.9.2001	1.004,09	-1,71		
10.9.2001	1.021,54	-3,05		
7.9.2001	1.053,65	0,55		
6.9.2001	1.047,91	1,80		
5.9.2001	1.029,42	-2,38		
4.9.2001	1.054,53	2,64		
3.9.2001	1.027,41	1,83		
31.8.2001	1.008,98	1,25		
30.8.2001	996,49	-0,08		
29.8.2001	997,32	0,11		
28.8.2001	996,27	0,46		
27.8.2001	991,66	-0,18		
24.8.2001	993,47	1,32		
23.8.2001	980,53	-1,26		
22.8.2001	993,09	0,61		
21.8.2001	987,04	-0,09		
20.8.2001	987,90	-0,36		
17.8.2001	991,49	0,47		
16.8.2001	986,88	0,65		
14.8.2001	980,51	0,78		
13.8.2001	972,95	-0,19		
10.8.2001	974,83	0,28		
9.8.2001	972,11	-0,53		
8.8.2001	977,29	0,49		
7.8.2001	972,52	0,84		
6.8.2001	964,41	-0,07		
3.8.2001	965,09	0,20		
2.8.2001	963,12	-2,98		
1.8.2001	992,69	-1,51		
31.7.2001	1.007,93	2,11		
30.7.2001	987,14	2,08		
27.7.2001	966,98	-0,44		
26.7.2001	971,25	0,21		
25.7.2001	969,21	-1,43		
24.7.2001	983,32	0,44		
23.7.2001	979,04	1,10		
20.7.2001	968,35	0,52		
19.7.2001	963,36	-2,21		
18.7.2001	985,09	3,09		
17.7.2001	955,58	-0,07		
16.7.2001	956,21	0,52		
13.7.2001	951,29	0,40		
12.7.2001	947,54	-0,60		
11.7.2001	953,26	0,87		
10.7.2001	945,04	-0,46		
9.7.2001	949,42	-0,17		
6.7.2001	951,04	-1,42		
5.7.2001	964,77	-0,01		
4.7.2001	964,89	-3,90		
3.7.2001	1.004,01	0,36		
2.7.2001	1.000,41	1,77		
29.6.2001	983,02	-1,87		
28.6.2001	1.001,79	3,17		
27.6.2001	970,98	1,09		
26.6.2001	960,47	-0,67		
25.6.2001	966,94	0,13		
21.6.2001	965,70	1,01		
20.6.2001	956,09	0,36		
19.6.2001	952,68	0,98		
18.6.2001	943,47	-0,68		
15.6.2001	949,97	-0,26		
14.6.2001	952,48	-0,42		
13.6.2001	956,46	0,80		
12.6.2001	948,85	0,57		
11.6.2001	943,45	0,66		
8.6.2001	937,22	0,79		
7.6.2001	929,89	0,38		
6.6.2001	926,36	-1,59		
5.6.2001	941,34	-0,05		
4.6.2001	941,83	0,55		
1.6.2001	936,70	-0,20		
31.5.2001	938,57	0,46		
29.5.2001	934,30	-0,68		
28.5.2001	940,74	-0,30		
25.5.2001	943,57	-1,03		
24.5.2001	953,40	1,14		
23.5.2001	942,67	0,48		
22.5.2001	938,13	-0,45		
21.5.2001	942,36	1,00		
18.5.2001	932,99	-0,36		
17.5.2001	936,33	0,80		
16.5.2001	928,93	-2,44		
15.5.2001	952,17	-1,63		
14.5.2001	967,95	-2,33		
11.5.2001	991,05	1,07		
10.5.2001	980,60	-0,52		
9.5.2001	985,77	0,14		
8.5.2001	984,38	0,07		
7.5.2001	983,66	-0,23		
4.5.2001	985,91	0,13		
3.5.2001	984,61	0,08		
2.5.2001	983,83	0,29		
30.4.2001	980,97	3,04		
27.4.2001	952,06	-1,26		
26.4.2001	964,22	0,97		
25.4.2001	954,93	1,06		
24.4.2001	944,88	-1,26		
23.4.2001	956,91	-1,49		
20.4.2001	971,43	-0,97		
19.4.2001	980,96	1,79		
18.4.2001	963,68	1,34		
17.4.2001	950,98	0,58		
13.4.2001	945,48	-0,03		
12.4.2001	945,75	0,80		
11.4.2001	938,24	-0,37		
10.4.2001	941,73	0,17		
9.4.2001	940,11	1,00		
6.4.2001	930,81	-0,96		
5.4.2001	939,80	-0,30		
4.4.2001	942,64	0,75		
3.4.2001	935,65	0,58		
2.4.2001	930,22	-0,46		
30.3.2001	934,56	-0,49		
29.3.2001	939,16	0,54		
28.3.2001	934,08	-0,87		
27.3.2001	942,24	0,00		
26.3.2001	942,24	2,35		
23.3.2001	920,59	-0,28		
22.3.2001	923,21	-2,08		
21.3.2001	942,80	-0,31		
20.3.2001	945,76	-0,74		
19.3.2001	952,85	-0,23		
16.3.2001	955,07	-0,80		
15.3.2001	962,77	5,10		
14.3.2001	916,06	-0,98		
13.3.2001	925,08	-2,00		
12.3.2001	943,95	-0,21		
9.3.2001	945,91	-3,41		
8.3.2001	979,28	0,32		
7.3.2001	976,12	-1,94		
6.3.2001	995,44	-0,49		
5.3.2001	1.000,36	2,45		
2.3.2001	976,40	1,05		
1.3.2001	966,23	0,46		
28.2.2001	961,81	1,53		
27.2.2001	947,32	-0,29		
26.2.2001	950,08	-0,91		
23.2.2001	958,79	1,31		
22.2.2001	946,36	-0,81		
21.2.2001	954,12	-0,19		
20.2.2001	955,96	0,84		
19.2.2001	948,03	1,47		
16.2.2001	934,34	0,57		
15.2.2001	929,05	-0,27		
14.2.2001	931,61	0,19		
13.2.2001	929,82	1,62		
12.2.2001	915,03	-1,56		
9.2.2001	929,52	0,91		
8.2.2001	921,18	2,75		
7.2.2001	896,50	0,26		
6.2.2001	894,18	-0,51		
5.2.2001	898,77	2,17		
2.2.2001	879,70	-0,83		
1.2.2001	887,05	0,00		
31.1.2001	887,05	0,21		
30.1.2001	885,22	-1,14		
29.1.2001	895,45	0,79		
26.1.2001	888,46	0,00		
25.1.2001	888,45	0,41		
24.1.2001	884,82	0,41		
23.1.2001	881,25	0,25		
22.1.2001	879,04	-1,01		
19.1.2001	888,00	-0,53		
18.1.2001	892,72	0,25		
17.1.2001	890,45	1,08		
16.1.2001	880,96	-1,77		
15.1.2001	896,83	0,79		
12.1.2001	889,78	1,14		
11.1.2001	879,79	-0,29		
10.1.2001	882,31	0,53		
9.1.2001	877,65	0,04		
8.1.2001	877,33	0,20		
5.1.2001	875,58	1,27		
4.1.2001	864,58	1,92		
3.1.2001	848,26	-2,02		
2.1.2001	865,71	-2,73		
29.12.2000	890,01	1,97		
28.12.2000	872,80	-0,01		
27.12.2000	872,93	-0,17		
22.12.2000	874,45	-0,70		
21.12.2000	880,58	-2,15		
20.12.2000	899,89	-0,22		
19.12.2000	901,91	0,17		
18.12.2000	900,40	0,23		
15.12.2000	898,37	0,03		
14.12.2000	898,07	-0,16		
13.12.2000	899,52	-0,19		
12.12.2000	901,19	0,73		
11.12.2000	894,64	0,32		
8.12.2000	891,76	0,25		
7.12.2000	889,52	-1,84		
6.12.2000	906,24	-0,69		
5.12.2000	912,55	0,60		
4.12.2000	907,10	0,74		
1.12.2000	900,46	-0,48		
30.11.2000	904,82	-1,29		
29.11.2000	916,61	-0,71		
28.11.2000	923,12	-0,18		
27.11.2000	924,83	-0,64		
24.11.2000	930,76	0,18		
23.11.2000	929,08	0,43		
22.11.2000	925,10	-0,03		
21.11.2000	925,39	-0,06		
20.11.2000	925,97	-0,30		
17.11.2000	928,79	0,47		
16.11.2000	924,48	-0,29		
15.11.2000	927,19	0,94		
14.11.2000	918,52	5,32		
13.11.2000	872,12	-0,19		
10.11.2000	873,75	-1,18		
9.11.2000	884,20	0,92		
8.11.2000	876,17	1,26		
7.11.2000	865,26	1,02		
6.11.2000	856,54	1,13		
3.11.2000	847,00	-0,35		
2.11.2000	849,97	0,02		
31.10.2000	849,83	0,09		
30.10.2000	849,08	-1,06		
27.10.2000	858,19	0,75		
26.10.2000	851,82	0,87		
25.10.2000	844,50	0,80		
24.10.2000	837,83	-0,22		
23.10.2000	839,65	0,62		
20.10.2000	834,46	1,61		
19.10.2000	821,23	3,46		
18.10.2000	793,80	-3,61		
17.10.2000	823,52	0,29		
16.10.2000	821,15	1,13		
13.10.2000	812,00	-1,48		
12.10.2000	824,19	-0,76		
11.10.2000	830,52	-0,99		
10.10.2000	838,84	-0,20		
9.10.2000	840,51	1,70		
6.10.2000	826,49	1,97		
5.10.2000	810,53	-0,51		
4.10.2000	814,68	-1,36		
3.10.2000	825,91	1,14		
2.10.2000	816,62	-0,86		
29.9.2000	823,68	1,59		
28.9.2000	810,76	-0,28		
27.9.2000	813,01	0,19		
26.9.2000	811,44	-0,58		
25.9.2000	816,17	-0,74		
22.9.2000	822,26	-2,68		
21.9.2000	844,92	0,45		
20.9.2000	841,13	0,63		
19.9.2000	835,88	0,16		
18.9.2000	834,57	0,45		
15.9.2000	830,83	-1,04		
14.9.2000	839,56	-0,81		
13.9.2000	846,39	-1,21		
12.9.2000	856,80	0,19		
11.9.2000	855,18	-1,24		
8.9.2000	865,95	1,18		
7.9.2000	855,89	-0,11		
6.9.2000	856,81	-0,09		
5.9.2000	857,61	-0,14		
4.9.2000	858,79	0,30		
1.9.2000	856,18	3,26		
31.8.2000	829,14	-0,08		
30.8.2000	829,79	0,60		
29.8.2000	824,81	-1,38		
28.8.2000	836,37	0,31		
25.8.2000	833,77	0,32		
24.8.2000	831,14	-0,79		
23.8.2000	837,72	2,76		
22.8.2000	815,22	3,82		
21.8.2000	785,22	0,06		
18.8.2000	784,75	-2,53		
17.8.2000	805,08	1,59		
16.8.2000	792,45	1,77		
14.8.2000	778,63	1,20		
11.8.2000	769,36	-0,26		
10.8.2000	771,37	-0,34		
9.8.2000	773,97	1,23		
8.8.2000	764,59	-2,85		
7.8.2000	786,99	-1,44		
4.8.2000	798,50	2,38		
3.8.2000	779,97	-1,98		
2.8.2000	795,75	0,36		
1.8.2000	792,90	0,05		
31.7.2000	792,54	-0,51		
28.7.2000	796,58	-0,65		
27.7.2000	801,80	1,18		
26.7.2000	792,41	-1,07		
25.7.2000	800,95	-0,93		
24.7.2000	808,47	-0,15		
21.7.2000	809,69	-1,90		
20.7.2000	825,35	-0,43		
19.7.2000	828,94	0,48		
18.7.2000	824,99	-0,10		
17.7.2000	825,83	0,76		
14.7.2000	819,61	0,30		
13.7.2000	817,17	-0,97		
12.7.2000	825,18	-1,14		
11.7.2000	834,70	-1,03		
10.7.2000	843,37	-2,19		
7.7.2000	862,21	0,74		
6.7.2000	855,84	-0,58		
5.7.2000	860,83	0,69		
4.7.2000	854,90	0,55		
3.7.2000	850,25	1,86		
30.6.2000	834,69	-0,11		
29.6.2000	835,61	-0,95		
28.6.2000	843,63	-1,98		
27.6.2000	860,69	-2,63		
26.6.2000	883,96	0,57		
23.6.2000	878,99	-0,49		
21.6.2000	883,35	1,37		
20.6.2000	871,41	1,39		
19.6.2000	859,50	-1,97		
16.6.2000	876,74	-0,29		
15.6.2000	879,30	-0,93		
14.6.2000	887,59	-0,45		
13.6.2000	891,56	-4,25		
12.6.2000	931,12	0,80		
9.6.2000	923,72	0,71		
8.6.2000	917,22	4,29		
7.6.2000	879,50	-0,14		
6.6.2000	880,70	0,10		
5.6.2000	879,84	-1,04		
2.6.2000	889,10	1,08		
1.6.2000	879,60	0,31		
31.5.2000	876,84	-0,69		
29.5.2000	882,93	0,58		
26.5.2000	877,85	1,58		
25.5.2000	864,19	1,21		
24.5.2000	853,90	-0,64		
23.5.2000	859,43	-3,44		
22.5.2000	890,05	-3,85		
19.5.2000	925,73	2,46		
18.5.2000	903,51	0,84		
17.5.2000	896,01	1,80		
16.5.2000	880,15	5,80		
15.5.2000	831,91	4,30		
12.5.2000	797,60	2,15		
11.5.2000	780,79	-0,06		
10.5.2000	781,29	-0,65		
9.5.2000	786,38	0,31		
8.5.2000	783,96	-1,71		
5.5.2000	797,63	-2,26		
4.5.2000	816,07	-1,20		
3.5.2000	825,94	0,08		
2.5.2000	825,30	-1,10		
28.4.2000	834,49	-0,14		
27.4.2000	835,63	-1,20		
26.4.2000	845,78	-0,98		
25.4.2000	854,16	1,51		
21.4.2000	841,46	0,00		
20.4.2000	841,46	0,85		
19.4.2000	834,40	-1,62		
18.4.2000	848,10	3,98		
17.4.2000	815,60	-5,54		
14.4.2000	863,44	0,75		
13.4.2000	856,98	-0,71		
12.4.2000	863,07	-2,21		
11.4.2000	882,53	-0,75		
10.4.2000	889,21	0,86		
7.4.2000	881,59	0,31		
6.4.2000	878,85	-3,97		
5.4.2000	915,18	0,30		
4.4.2000	912,44	-1,48		
3.4.2000	926,16	-2,74		
31.3.2000	952,29	2,66		
30.3.2000	927,60	-1,86		
29.3.2000	945,14	-1,00		
28.3.2000	954,72	-2,41		
27.3.2000	978,29	-0,25		
24.3.2000	980,77	4,26		
23.3.2000	940,67	0,96		
22.3.2000	931,74	4,82		
21.3.2000	888,89	0,03		
20.3.2000	888,61	-1,16		
17.3.2000	899,07	-0,94		
16.3.2000	907,57	-1,18		
15.3.2000	918,42	5,04		
14.3.2000	874,32	6,54		
13.3.2000	820,64	-0,98		
10.3.2000	828,80	2,82		
9.3.2000	806,09	-0,08		
8.3.2000	806,77	-2,13		
7.3.2000	824,34	-1,08		
6.3.2000	833,35	-1,70		
3.3.2000	847,78	0,47		
2.3.2000	843,78	-0,57		
1.3.2000	848,65	-0,06		
29.2.2000	849,17	0,13		
28.2.2000	848,04	-1,68		
25.2.2000	862,53	2,16		
24.2.2000	844,30	0,35		
23.2.2000	841,37	-1,31		
22.2.2000	852,50	1,46		
21.2.2000	840,21	-0,70		
18.2.2000	846,14	-0,90		
17.2.2000	853,85	0,99		
16.2.2000	845,47	-0,26		
15.2.2000	847,64	0,84		
14.2.2000	840,56	-1,86		
11.2.2000	856,45	1,19		
10.2.2000	846,38	1,40		
9.2.2000	834,70	1,09		
8.2.2000	825,70	2,69		
4.2.2000	804,09	-0,97		
3.2.2000	812,00	0,65		
2.2.2000	806,72	-0,75		
1.2.2000	812,79	4,30		
31.1.2000	779,30	-1,97		
28.1.2000	794,96	-3,97		
27.1.2000	827,85	-0,95		
26.1.2000	835,75	-0,69		
25.1.2000	841,52	0,44		
21.1.2000	837,86	0,21		
20.1.2000	836,13	0,50		
19.1.2000	831,95	-0,14		
18.1.2000	833,08	-2,52		
17.1.2000	854,61	2,79		
14.1.2000	831,38	4,28		
13.1.2000	797,27	1,05		
12.1.2000	788,96	-1,86		
11.1.2000	803,95	0,05		
10.1.2000	803,52	4,48		
7.1.2000	769,08	-3,27		
5.1.2000	795,06	5,92		
4.1.2000	750,61	4,93		
31.12.1999	715,31	0,26		
30.12.1999	713,42	-0,56		
29.12.1999	717,42	0,26		
28.12.1999	715,54	-0,04		
27.12.1999	715,86	0,83		
24.12.1999	710,00	1,50		
23.12.1999	699,50	0,16		
22.12.1999	698,35	1,05		
21.12.1999	691,06	1,04		
20.12.1999	683,94	2,01		
17.12.1999	670,48	0,77		
16.12.1999	665,35	-2,35		
15.12.1999	681,36	0,44		
14.12.1999	678,36	1,68		
10.12.1999	667,17	-0,56		
9.12.1999	670,94	0,09		
8.12.1999	670,35	0,84		
7.12.1999	664,78	1,21		
6.12.1999	656,84	0,43		
3.12.1999	654,02	-0,71		
2.12.1999	658,72	6,64		
1.12.1999	617,69	-4,36		
30.11.1999	645,86	3,63		
29.11.1999	623,23	-3,91		
26.11.1999	648,58	-5,51		
25.11.1999	686,41	13,54		
24.11.1999	604,56	6,92		
23.11.1999	565,44	-0,55		
22.11.1999	568,55	3,47		
19.11.1999	549,48	1,65		
18.11.1999	540,55	4,39		
17.11.1999	517,80	-2,71		
16.11.1999	532,22	0,39		
15.11.1999	530,17	4,25		
12.11.1999	508,57	0,97		
11.11.1999	503,67	-0,54		
10.11.1999	506,42	-1,18		
9.11.1999	512,47	-3,86		
8.11.1999	533,05	0,00		
5.11.1999	533,05	-0,27		
4.11.1999	534,49	0,00		
3.11.1999	534,49	-0,18		
2.11.1999	535,48	-0,17		
29.10.1999	536,41	-1,03		
28.10.1999	542,00	2,11		
27.10.1999	530,80	0,02		
26.10.1999	530,68	-1,95		
25.10.1999	541,23	0,63		
22.10.1999	537,84	0,08		
21.10.1999	537,42	1,84		
20.10.1999	527,69	-0,01		
19.10.1999	527,74	0,79		
18.10.1999	523,61	-3,12		
15.10.1999	540,48	-0,14		
14.10.1999	541,25	1,23		
13.10.1999	534,67	-0,75		
12.10.1999	538,72	0,93		
11.10.1999	533,74	-1,19		
8.10.1999	540,19	-1,72		
7.10.1999	549,67	-0,02		
6.10.1999	549,78	0,43		
5.10.1999	547,42	3,34		
4.10.1999	529,71	0,69		
1.10.1999	526,07	3,42		
30.9.1999	508,66	-0,64		
29.9.1999	511,94	-0,93		
28.9.1999	516,72	-5,24		
27.9.1999	545,29	5,76		
24.9.1999	515,59	-8,03		
23.9.1999	560,59	-3,43		
22.9.1999	580,50	1,37		
21.9.1999	572,68	0,93		
20.9.1999	567,43	2,85		
17.9.1999	551,71	-4,81		
16.9.1999	579,60	-5,70		
15.9.1999	614,63	-2,46		
14.9.1999	630,13	-2,61		
13.9.1999	647,05	-0,84		
10.9.1999	652,50	0,11		
9.9.1999	651,79	0,23		
8.9.1999	650,29	0,00		
7.9.1999	650,26	-0,16		
6.9.1999	651,30	0,22		
3.9.1999	649,89	-0,69		
2.9.1999	654,41	0,00		
1.9.1999	654,38	-0,64		
31.8.1999	658,58	-1,17		
30.8.1999	666,37	0,04		
27.8.1999	666,09	0,42		
26.8.1999	663,28	-1,59		
25.8.1999	673,98	2,22		
24.8.1999	659,34	-1,72		
23.8.1999	670,89	-0,08		
20.8.1999	671,45	-0,17		
19.8.1999	672,56	-0,32		
18.8.1999	674,75	0,58		
17.8.1999	670,86	0,40		
16.8.1999	668,19	0,64		
13.8.1999	663,92	0,94		
12.8.1999	657,75	-0,06		
11.8.1999	658,17	1,48		
10.8.1999	648,58	0,30		
9.8.1999	646,61	-1,69		
6.8.1999	657,75	0,03		
4.8.1999	657,56	2,41		
3.8.1999	642,09	-4,07		
2.8.1999	669,34	-1,74		
30.7.1999	681,21	0,20		
29.7.1999	679,83	-0,85		
28.7.1999	685,63	-0,84		
27.7.1999	691,45	-2,17		
26.7.1999	706,78	-0,58		
23.7.1999	710,87	0,20		
22.7.1999	709,48	0,10		
21.7.1999	708,77	-3,53		
20.7.1999	734,67	2,38		
19.7.1999	717,60	1,48		
16.7.1999	707,13	-2,21		
15.7.1999	723,08	1,40		
14.7.1999	713,12	-0,97		
13.7.1999	720,09	-1,26		
12.7.1999	729,31	2,46		
9.7.1999	711,78	-1,17		
8.7.1999	720,22	0,45		
7.7.1999	716,98	-1,44		
6.7.1999	727,45	0,52		
5.7.1999	723,70	0,26		
2.7.1999	721,81	-0,28		
1.7.1999	723,82	-0,11		
30.6.1999	724,62	3,78		
29.6.1999	698,24	-1,73		
28.6.1999	710,55	-0,06		
25.6.1999	711,01	-2,11		
24.6.1999	726,31	0,53		
23.6.1999	722,45	-0,01		
21.6.1999	722,50	-0,50		
18.6.1999	726,13	0,33		
17.6.1999	723,77	-0,73		
16.6.1999	729,08	-2,79		
15.6.1999	750,03	1,67		
14.6.1999	737,73	-0,71		
11.6.1999	743,03	1,82		
10.6.1999	729,72	2,17		
9.6.1999	714,19	0,36		
8.6.1999	711,62	-1,92		
7.6.1999	725,54	-0,15		
4.6.1999	726,66	-0,72		
3.6.1999	731,91	1,53		
2.6.1999	720,86	-3,21		
1.6.1999	744,75	-0,20		
31.5.1999	746,24	0,07		
28.5.1999	745,73	0,13		
27.5.1999	744,76	3,22		
26.5.1999	721,52	-0,74		
25.5.1999	726,92	-1,46		
24.5.1999	737,71	0,00		
21.5.1999	737,71	0,97		
20.5.1999	730,60	-0,18		
19.5.1999	731,90	-0,34		
18.5.1999	734,43	-4,00		
17.5.1999	765,06	0,00		
14.5.1999	765,06	-0,33		
13.5.1999	767,56	-0,92		
12.5.1999	774,67	-0,09		
11.5.1999	775,37	2,70		
10.5.1999	754,99	0,00		
7.5.1999	754,99	-1,92		
6.5.1999	769,74	5,31		
5.5.1999	730,95	0,72		
4.5.1999	725,70	2,46		
3.5.1999	708,27	0,00		
30.4.1999	708,27	0,94		
29.4.1999	701,66	1,15		
28.4.1999	693,71	0,07		
27.4.1999	693,20	-1,91		
26.4.1999	706,72	0,00		
23.4.1999	706,72	1,16		
22.4.1999	698,60	1,39		
21.4.1999	689,03	-2,68		
20.4.1999	708,01	-3,68		
19.4.1999	735,07	0,00		
16.4.1999	735,07	2,60		
15.4.1999	716,45	0,04		
14.4.1999	716,17	-0,94		
13.4.1999	723,00	0,96		
9.4.1999	716,11	-0,85		
8.4.1999	722,22	-2,16		
7.4.1999	738,16	-3,70		
6.4.1999	766,51	6,54		
2.4.1999	719,47	0,52		
1.4.1999	715,72	0,94		
31.3.1999	709,06	4,61		
30.3.1999	677,83	-0,48		
29.3.1999	681,12	0,00		
26.3.1999	681,12	-2,31		
25.3.1999	697,26	0,40		
24.3.1999	694,50	-1,24		
23.3.1999	703,25	-5,61		
22.3.1999	745,06	0,00		
19.3.1999	745,06	0,49		
18.3.1999	741,43	-2,53		
17.3.1999	760,70	0,23		
16.3.1999	758,92	-0,18		
15.3.1999	760,26	0,00		
12.3.1999	760,26	-0,70		
11.3.1999	765,61	0,19		
10.3.1999	764,18	0,90		
9.3.1999	757,39	5,28		
5.3.1999	719,40	-1,23		
4.3.1999	728,35	1,48		
3.3.1999	717,70	-0,87		
2.3.1999	723,99	-1,03		
1.3.1999	731,51	0,00		
26.2.1999	731,51	-3,55		
25.2.1999	758,40	-2,25		
24.2.1999	775,87	-1,40		
23.2.1999	786,88	0,52		
22.2.1999	782,79	0,00		
19.2.1999	782,79	-1,01		
18.2.1999	790,80	-0,26		
17.2.1999	792,86	-0,24		
16.2.1999	794,80	0,75		
12.2.1999	788,89	0,36		
11.2.1999	786,08	2,71		
10.2.1999	765,35	-0,09		
9.2.1999	766,05	-4,61		
8.2.1999	803,05	0,00		
5.2.1999	803,05	0,06		
4.2.1999	802,59	0,06		
3.2.1999	802,07	-0,05		
2.2.1999	802,46	3,90		
1.2.1999	772,36	0,00		
29.1.1999	772,36	-1,22		
28.1.1999	781,92	1,63		
27.1.1999	769,36	0,87		
26.1.1999	762,76	-3,92		
25.1.1999	793,88	0,00		
22.1.1999	793,88	3,16		
21.1.1999	769,58	-0,20		
20.1.1999	771,12	5,32		
19.1.1999	732,14	5,80		
18.1.1999	691,98	0,00		
15.1.1999	691,98	-2,52		
14.1.1999	709,86	2,26		
13.1.1999	694,16	-7,83		
12.1.1999	753,13	0,01		
11.1.1999	753,08	0,00		
8.1.1999	753,08	2,60		
7.1.1999	733,99	1,93		
5.1.1999	720,11	1,19		
4.1.1999	711,64	0,00		
31.12.1998	711,64	-0,58		
30.12.1998	715,77	-0,25		
29.12.1998	717,59	-2,17		
28.12.1998	733,47	0,00		
24.12.1998	733,47	-0,61		
23.12.1998	737,95	-2,00		
22.12.1998	753,00	4,14		
21.12.1998	723,05	0,00		
18.12.1998	723,05	2,68		
17.12.1998	704,16	0,08		
16.12.1998	703,58	1,13		
15.12.1998	695,69	-0,26		
14.12.1998	697,52	0,00		
11.12.1998	697,52	-1,78		
10.12.1998	710,17	-0,07		
9.12.1998	710,66	-0,94		
8.12.1998	717,38	3,71		
7.12.1998	691,70	0,00		
4.12.1998	691,70	1,55		
3.12.1998	681,14	-0,92		
2.12.1998	687,43	1,80		
1.12.1998	675,27	-4,34		
30.11.1998	705,87	0,00		
27.11.1998	705,87	0,90		
26.11.1998	699,55	0,29		
25.11.1998	697,50	1,13		
24.11.1998	689,74	5,25		
23.11.1998	655,34	0,00		
20.11.1998	655,34	5,90		
19.11.1998	618,81	0,87		
18.11.1998	613,49	1,33		
17.11.1998	605,43	3,08		
16.11.1998	587,35	0,00		
13.11.1998	587,35	0,59		
12.11.1998	583,91	-2,27		
11.11.1998	597,46	0,06		
10.11.1998	597,10	-1,35		
9.11.1998	605,27	0,00		
6.11.1998	605,27	-1,97		
5.11.1998	617,43	-0,09		
4.11.1998	618,00	0,17		
3.11.1998	616,97	2,68		
2.11.1998	600,87	0,00		
30.10.1998	600,87	1,53		
29.10.1998	591,81	0,21		
28.10.1998	590,56	-0,62		
27.10.1998	594,26	4,35		
26.10.1998	569,48	0,00		
23.10.1998	569,48	4,10		
22.10.1998	547,05	1,58		
21.10.1998	538,52	-2,41		
20.10.1998	551,80	3,43		
19.10.1998	533,52	0,00		
16.10.1998	533,52	0,11		
15.10.1998	532,95	3,47		
14.10.1998	515,07	3,83		
13.10.1998	496,05	6,30		
12.10.1998	466,65	0,00		
9.10.1998	466,65	0,85		
8.10.1998	462,73	-6,62		
7.10.1998	495,54	-2,72		
6.10.1998	509,40	3,63		
5.10.1998	491,54	0,00		
2.10.1998	491,54	-7,23		
1.10.1998	529,82	-5,57		
30.9.1998	561,09	-1,80		
29.9.1998	571,39	4,15		
28.9.1998	548,64	0,00		
25.9.1998	548,64	-4,70		
24.9.1998	575,72	3,10		
23.9.1998	558,40	7,02		
22.9.1998	521,77	2,62		
21.9.1998	508,47	0,00		
18.9.1998	508,47	1,43		
17.9.1998	501,30	-0,54		
16.9.1998	504,02	0,95		
15.9.1998	499,29	0,67		
14.9.1998	495,96	0,00		
11.9.1998	495,96	-6,49		
10.9.1998	530,37	-3,63		
9.9.1998	550,32	6,54		
8.9.1998	516,55	-1,90		
7.9.1998	526,57	0,00		
4.9.1998	526,57	1,99		
3.9.1998	516,28	0,57		
2.9.1998	513,36	19,08		
1.9.1998	431,10	-6,86		
31.8.1998	462,84	0,00		
28.8.1998	462,84	1,36		
27.8.1998	456,62	-9,67		
26.8.1998	505,49	-10,50		
25.8.1998	564,79	-6,59		
24.8.1998	604,64	0,00		
21.8.1998	604,64	-7,25		
20.8.1998	651,89	-0,23		
19.8.1998	653,41	4,76		
18.8.1998	623,73	-6,43		
17.8.1998	666,56	0,00		
14.8.1998	666,56	0,83		
13.8.1998	661,09	-7,68		
12.8.1998	716,11	0,47		
11.8.1998	712,74	-5,60		
10.8.1998	755,01	0,00		
7.8.1998	755,01	0,26		
6.8.1998	753,04	-4,17		
4.8.1998	785,80	-1,03		
3.8.1998	794,00	0,00		
31.7.1998	794,00	0,12		
30.7.1998	793,02	1,93		
29.7.1998	777,98	-3,84		
28.7.1998	809,02	-1,03		
27.7.1998	817,42	0,00		
24.7.1998	817,42	0,80		
23.7.1998	810,93	-1,82		
22.7.1998	825,97	-2,32		
21.7.1998	845,59	4,55		
20.7.1998	808,82	0,00		
17.7.1998	808,82	0,36		
16.7.1998	805,95	1,67		
15.7.1998	792,69	-0,05		
14.7.1998	793,10	-1,92		
13.7.1998	778,14	0,00		
10.7.1998	778,14	-0,62		
9.7.1998	782,96	-4,85		
8.7.1998	822,88	-0,73		
7.7.1998	828,97	-0,90		
6.7.1998	836,50	0,00		
3.7.1998	836,50	1,60		
2.7.1998	823,33	0,05		
1.7.1998	822,89	-0,23		
30.6.1998	824,80	1,99		
29.6.1998	808,69	0,00		
26.6.1998	808,69	-0,25		
25.6.1998	810,69	-0,06		
24.6.1998	811,19	-2,60		
23.6.1998	832,84	0,95		
19.6.1998	825,03	-1,04		
18.6.1998	833,67	2,11		
17.6.1998	816,46	1,09		
16.6.1998	807,67	-0,03		
15.6.1998	807,94	0,00		
12.6.1998	807,94	-1,95		
11.6.1998	824,01	-2,21		
10.6.1998	842,60	-0,61		
9.6.1998	847,80	-2,88		
8.6.1998	872,97	0,00		
5.6.1998	872,97	2,15		
4.6.1998	854,59	2,50		
3.6.1998	833,72	2,90		
2.6.1998	810,25	-1,77		
1.6.1998	824,81	0,00		
29.5.1998	824,81	1,21		
28.5.1998	814,94	-0,71		
27.5.1998	820,80	0,39		
26.5.1998	817,62	-3,52		
25.5.1998	847,45	0,00		
22.5.1998	847,45	-3,06		
21.5.1998	874,24	-1,20		
20.5.1998	884,88	-2,57		
19.5.1998	908,22	-1,44		
18.5.1998	921,47	0,00		
15.5.1998	921,47	-0,80		
14.5.1998	928,91	-1,46		
13.5.1998	942,65	1,86		
12.5.1998	925,46	1,08		
11.5.1998	915,59	0,00		
8.5.1998	915,59	-1,57		
7.5.1998	930,20	0,55		
6.5.1998	925,09	0,13		
5.5.1998	923,86	-1,04		
4.5.1998	933,56	0,00		
30.4.1998	933,56	1,20		
29.4.1998	922,45	-0,73		
28.4.1998	929,24	-4,02		
27.4.1998	968,11	0,00		
24.4.1998	968,11	-1,71		
23.4.1998	985,00	-2,34		
22.4.1998	1.008,56	3,18		
21.4.1998	977,47	0,26		
20.4.1998	974,94	0,00		
17.4.1998	974,94	-2,30		
16.4.1998	997,94	-2,88		
15.4.1998	1.027,55	0,44		
14.4.1998	1.023,06	-0,24		
10.4.1998	1.025,55	-1,17		
9.4.1998	1.037,73	-0,19		
8.4.1998	1.039,66	0,06		
7.4.1998	1.039,03	3,42		
6.4.1998	1.004,67	0,00		
3.4.1998	1.004,67	0,22		
2.4.1998	1.002,42	-1,05		
1.4.1998	1.013,10	-1,49		
31.3.1998	1.028,38	1,41		
30.3.1998	1.014,07	0,00		
27.3.1998	1.014,07	-1,31		
26.3.1998	1.027,50	2,60		
25.3.1998	1.001,51	0,29		
24.3.1998	998,59	-1,97		
23.3.1998	1.018,70	0,00		
20.3.1998	1.018,70	3,01		
19.3.1998	988,94	-0,21		
18.3.1998	991,07	-0,88		
17.3.1998	999,82	0,65		
16.3.1998	993,39	0,00		
13.3.1998	993,39	-1,61		
12.3.1998	1.009,66	-0,15		
11.3.1998	1.011,16	-1,56		
10.3.1998	1.027,20	-1,28		
9.3.1998	1.040,49	0,00		
6.3.1998	1.040,49	2,18		
5.3.1998	1.018,30	-2,78		
4.3.1998	1.047,40	-1,80		
3.3.1998	1.066,65	4,00		
2.3.1998	1.025,64	0,00		
27.2.1998	1.025,64	3,75		
26.2.1998	988,59	2,11		
25.2.1998	968,18	0,89		
24.2.1998	959,68	-0,40		
23.2.1998	963,49	0,00		
20.2.1998	963,49	-0,91		
19.2.1998	972,35	-0,65		
18.2.1998	978,75	-1,18		
17.2.1998	990,39	1,65		
16.2.1998	974,30	0,00		
13.2.1998	974,30	1,94		
12.2.1998	955,73	-4,77		
11.2.1998	1.003,61	0,04		
10.2.1998	1.003,25	0,57		
9.2.1998	997,59	0,00		
6.2.1998	997,59	2,79		
5.2.1998	970,49	4,01		
4.2.1998	933,09	-0,69		
3.2.1998	939,55	2,81		
2.2.1998	913,86	0,00		
30.1.1998	913,86	2,64		
29.1.1998	890,38	-1,14		
28.1.1998	900,69	-1,02		
27.1.1998	910,01	-3,20		
26.1.1998	940,13	0,00		
23.1.1998	940,13	-1,54		
22.1.1998	954,79	-0,85		
21.1.1998	962,94	-0,12		
20.1.1998	964,07	-0,23		
19.1.1998	966,26	0,00		
16.1.1998	966,26	-0,24		
15.1.1998	968,63	-1,85		
14.1.1998	986,91	1,58		
13.1.1998	971,56	-2,66		
12.1.1998	998,06	0,00		
9.1.1998	998,06	-6,85		
8.1.1998	1.071,47	1,10		
7.1.1998	1.059,85	2,41		
5.1.1998	1.034,91	0,00		
2.1.1998	1.034,91	3,28		
31.12.1997	1.002,09	1,30		
30.12.1997	989,26	6,34		
29.12.1997	930,31	0,00		
24.12.1997	930,31	0,15		
23.12.1997	928,90	1,14		
22.12.1997	918,44	0,00		
19.12.1997	918,44	-1,50		
18.12.1997	932,40	-0,04		
17.12.1997	932,77	-0,72		
16.12.1997	939,56	-0,01		
15.12.1997	939,68	0,00		
12.12.1997	939,68	-1,14		
11.12.1997	950,52	-1,66		
10.12.1997	966,55	2,51		
9.12.1997	942,90	1,85		
8.12.1997	925,76	0,00		
5.12.1997	925,76	0,52		
4.12.1997	921,01	0,23		
3.12.1997	918,93	-1,14		
2.12.1997	929,56	0,02		
1.12.1997	929,40	0,00		
28.11.1997	929,40	-0,32		
27.11.1997	932,42	0,16		
26.11.1997	930,97	-1,27		
25.11.1997	942,94	-2,40		
24.11.1997	966,09	0,00		
21.11.1997	966,09	1,83		
20.11.1997	948,72	2,65		
19.11.1997	924,26	-0,38		
18.11.1997	927,74	8,06		
17.11.1997	858,57	0,00		
14.11.1997	858,57	-0,57		
13.11.1997	863,48	-4,91		
12.11.1997	908,02	-4,39		
11.11.1997	949,74	-5,46		
10.11.1997	1.004,56	0,00		
7.11.1997	1.004,56	-3,08		
6.11.1997	1.036,53	1,78		
5.11.1997	1.018,43	3,18		
4.11.1997	987,00	0,62		
3.11.1997	980,91	0,00		
31.10.1997	980,91	1,84		
30.10.1997	963,23	-12,15		
29.10.1997	1.096,48	19,21		
28.10.1997	919,76	-17,65		
27.10.1997	1.116,93	0,00		
24.10.1997	1.116,93	0,68		
23.10.1997	1.109,41	-2,81		
22.10.1997	1.141,48	2,16		
21.10.1997	1.117,38	-2,05		
20.10.1997	1.140,73	0,00		
17.10.1997	1.140,73	-0,27		
16.10.1997	1.143,80	-2,00		
15.10.1997	1.167,20	-1,65		
14.10.1997	1.186,81	-0,13		
13.10.1997	1.188,37	0,00		
10.10.1997	1.188,37	-1,01		
9.10.1997	1.200,50	-0,30		
8.10.1997	1.204,14	-0,27		
7.10.1997	1.207,39	0,15		
6.10.1997	1.205,63	0,00		
3.10.1997	1.205,63	0,18		
2.10.1997	1.203,52	-0,68		
1.10.1997	1.211,72	-1,15		
30.9.1997	1.225,84	1,07		
29.9.1997	1.212,92	0,00		
26.9.1997	1.212,92	-0,32		
25.9.1997	1.216,86	-0,38		
24.9.1997	1.221,51	0,56		
23.9.1997	1.214,68	-0,34		
22.9.1997	1.218,87	0,00		
19.9.1997	1.218,87	0,69		
18.9.1997	1.210,48	2,91		
17.9.1997	1.176,24	-0,61		
16.9.1997	1.183,47	1,20		
15.9.1997	1.169,40	0,00		
12.9.1997	1.169,40	0,25		
11.9.1997	1.166,46	0,68		
10.9.1997	1.158,59	2,90		
9.9.1997	1.125,99	0,21		
8.9.1997	1.123,61	0,00		
5.9.1997	1.123,61	-1,31		
4.9.1997	1.138,52	1,88		
3.9.1997	1.117,53	-0,07		
2.9.1997	1.118,33	-1,40		
