22.8.2008	830,00	835,99	817,00	829,96	829,26	-0,02	73	1.179	977.700,99
21.8.2008	853,00	853,00	830,00	830,10	841,53	-2,91	83	990	833.112,94
20.8.2008	856,01	860,00	850,00	855,00	855,61	-0,58	33	366	313.151,55
19.8.2008	852,00	859,95	843,00	859,95	854,85	0,93	160	2.245	1.919.143,85
18.8.2008	853,00	855,00	836,02	852,00	848,60	0,24	96	1.250	1.060.747,46
14.8.2008	832,03	850,00	832,02	850,00	842,47	2,16	47	1.092	919.971,90
13.8.2008	837,10	841,99	832,02	832,02	837,98	-0,50	30	671	562.287,18
12.8.2008	840,00	841,00	835,05	836,20	839,18	-0,45	25	626	525.327,93
11.8.2008	837,00	840,00	832,02	840,00	835,89	0,60	69	1.296	1.083.309,76
8.8.2008	841,00	844,89	830,03	835,00	836,86	-0,71	61	927	775.773,13
7.8.2008	841,01	844,00	841,00	841,00	843,62	0,00	55	1.647	1.389.441,65
6.8.2008	845,00	854,99	841,00	841,00	844,10	-1,91	58	721	608.595,72
1.8.2008	845,00	858,00	840,00	857,40	851,67	-0,07	26	435	370.474,38
31.7.2008	850,00	859,42	840,00	858,00	850,16	2,02	33	334	283.954,64
30.7.2008	855,01	860,00	840,01	841,00	855,69	-1,01	59	735	628.931,52
29.7.2008	848,00	849,55	830,03	849,55	836,18	-0,05	51	542	453.211,92
28.7.2008	850,00	857,94	850,00	850,00	852,66	-0,93	51	531	452.762,88
25.7.2008	845,02	859,90	845,01	857,95	850,02	-0,24	45	782	664.713,90
24.7.2008	861,00	869,00	850,00	860,00	863,19	-0,92	42	519	447.994,98
23.7.2008	846,00	869,00	846,00	868,00	858,47	3,32	85	1.138	976.934,36
22.7.2008	860,10	860,50	837,15	840,11	847,78	-3,44	84	1.102	934.249,33
21.7.2008	848,98	870,00	848,98	870,00	858,90	3,45	95	1.511	1.297.796,94
18.7.2008	855,00	863,00	837,00	841,00	847,18	-1,06	66	767	649.787,08
17.7.2008	815,00	850,00	815,00	850,00	834,58	5,20	105	1.557	1.299.446,26
16.7.2008	822,50	822,50	800,00	808,00	805,30	-1,70	123	1.829	1.472.896,04
15.7.2008	844,00	844,00	812,10	822,00	821,96	-3,30	118	1.600	1.315.132,10
14.7.2008	825,01	852,00	819,95	850,01	832,75	3,41	123	1.545	1.286.605,57
11.7.2008	876,00	910,00	820,00	822,01	870,76	-5,40	317	4.839	4.213.615,78
10.7.2008	819,00	877,00	808,00	868,93	845,98	7,54	175	3.088	2.612.396,33
9.7.2008	801,10	815,00	800,00	808,01	801,14	1,63	284	31.684	25.383.242,51
8.7.2008	801,02	801,02	772,70	795,02	791,53	-1,12	70	2.533	2.004.951,64
7.7.2008	810,01	830,00	800,00	804,01	815,14	-0,12	88	2.301	1.875.640,71
4.7.2008	804,90	806,86	792,00	804,95	804,06	0,62	169	3.548	2.852.801,16
3.7.2008	810,00	810,00	797,00	800,00	803,09	-2,91	205	4.473	3.592.228,83
2.7.2008	809,10	843,69	809,10	824,00	828,19	2,86	100	1.047	867.118,66
1.7.2008	847,99	847,99	801,06	801,06	823,86	-5,65	144	2.448	2.016.805,71
30.6.2008	870,00	870,00	831,00	849,00	850,13	-2,41	103	1.100	935.144,11
27.6.2008	850,00	879,00	802,02	870,00	846,44	-1,80	224	2.833	2.397.956,95
26.6.2008	900,01	900,01	880,00	885,99	887,68	-2,53	68	1.115	989.768,24
24.6.2008	939,00	939,00	895,01	909,00	904,95	-2,99	68	1.148	1.038.887,84
23.6.2008	936,09	940,00	931,01	937,00	934,52	0,11	58	1.258	1.175.631,16
20.6.2008	945,00	958,00	936,00	936,00	947,80	-1,47	79	1.185	1.123.143,40
19.6.2008	939,98	960,20	912,00	950,00	942,76	0,00	100	1.378	1.299.127,35
18.6.2008	994,00	994,00	950,00	950,00	967,22	-4,43	114	2.386	2.307.798,18
17.6.2008	999,87	1.000,50	993,03	994,00	998,47	-0,10	174	3.418	3.412.759,94
16.6.2008	1.003,00	1.003,00	992,01	995,00	999,29	0,00	85	1.797	1.795.721,40
13.6.2008	986,00	1.004,00	983,01	995,00	998,73	-0,24	133	1.714	1.711.817,73
12.6.2008	996,02	1.002,00	975,00	997,40	987,65	-0,06	71	1.566	1.546.667,09
11.6.2008	982,99	1.025,00	980,00	998,00	1.002,33	1,42	125	2.911	2.917.788,91
10.6.2008	1.021,10	1.021,10	984,00	984,00	997,39	-3,63	153	2.139	2.133.407,83
9.6.2008	1.030,00	1.035,00	1.003,00	1.021,10	1.019,49	-2,10	127	1.945	1.982.915,34
6.6.2008	1.046,00	1.065,00	1.042,00	1.043,01	1.050,31	0,29	108	1.845	1.937.821,28
5.6.2008	1.051,51	1.056,66	1.033,00	1.040,00	1.046,09	-1,89	103	1.296	1.355.737,96
4.6.2008	1.070,00	1.085,00	1.060,00	1.060,00	1.068,93	-2,30	44	498	532.327,48
3.6.2008	1.093,98	1.093,98	1.061,00	1.085,00	1.075,69	-0,91	95	1.194	1.284.378,82
2.6.2008	1.120,00	1.120,00	1.095,00	1.095,00	1.105,29	-1,62	104	2.212	2.444.904,70
30.5.2008	1.104,00	1.124,00	1.095,01	1.113,03	1.113,06	1,17	78	1.947	2.167.136,30
29.5.2008	1.125,00	1.127,73	1.095,00	1.100,13	1.107,64	-1,77	70	1.314	1.455.433,02
28.5.2008	1.082,00	1.121,00	1.082,00	1.119,99	1.100,83	3,70	159	3.171	3.490.717,98
27.5.2008	1.048,99	1.113,99	1.019,01	1.080,00	1.068,25	2,86	135	1.886	2.014.722,22
26.5.2008	1.089,99	1.089,99	1.012,54	1.050,00	1.050,49	-6,08	195	3.446	3.619.991,00
23.5.2008	1.120,01	1.120,01	1.078,00	1.118,00	1.099,18	-1,06	131	2.336	2.567.689,57
21.5.2008	1.150,04	1.150,04	1.115,07	1.129,99	1.135,20	-2,34	176	2.477	2.811.890,35
20.5.2008	1.203,00	1.203,00	1.150,00	1.157,01	1.171,19	-3,85	211	3.254	3.811.059,04
19.5.2008	1.195,00	1.215,00	1.172,01	1.203,34	1.197,16	2,15	170	3.141	3.760.291,73
16.5.2008	1.208,00	1.208,00	1.170,00	1.178,00	1.178,15	-1,75	152	2.541	2.993.686,71
15.5.2008	1.172,01	1.230,00	1.158,00	1.199,00	1.193,62	6,05	366	6.968	8.317.145,01
14.5.2008	1.140,00	1.144,77	1.130,60	1.130,60	1.137,28	0,05	140	2.142	2.436.050,69
13.5.2008	1.113,00	1.135,00	1.105,00	1.130,00	1.127,66	1,71	162	4.225	4.764.357,55
12.5.2008	1.090,01	1.113,00	1.083,00	1.111,00	1.104,30	2,87	126	2.222	2.453.765,18
9.5.2008	1.088,99	1.097,98	1.080,00	1.080,00	1.086,04	0,00	67	1.007	1.093.637,60
8.5.2008	1.081,01	1.090,00	1.065,00	1.080,00	1.080,18	-0,92	96	2.524	2.726.385,06
7.5.2008	1.091,00	1.099,95	1.058,00	1.089,99	1.081,74	0,00	123	1.710	1.849.771,99
6.5.2008	1.106,00	1.120,00	1.086,01	1.090,00	1.096,41	-0,23	180	3.379	3.704.765,88
5.5.2008	1.100,00	1.128,00	1.080,00	1.092,50	1.093,34	2,58	202	3.341	3.652.856,08
30.4.2008	1.039,98	1.069,00	986,00	1.065,00	1.044,19	4,41	171	2.884	3.011.444,03
29.4.2008	1.110,02	1.155,00	1.016,00	1.020,00	1.090,16	-5,64	267	5.262	5.736.445,09
28.4.2008	1.021,00	1.098,97	1.021,00	1.081,00	1.060,26	6,50	335	6.149	6.519.569,39
25.4.2008	1.000,02	1.015,00	1.000,02	1.015,00	1.009,14	1,50	133	2.054	2.072.765,48
24.4.2008	980,20	1.015,00	980,00	1.000,00	1.000,73	1,01	178	2.320	2.321.688,73
23.4.2008	984,00	997,00	965,00	990,00	984,14	-1,49	73	893	878.837,21
22.4.2008	1.034,05	1.034,05	949,00	1.005,00	998,58	-1,37	260	3.447	3.442.092,76
21.4.2008	1.034,00	1.034,00	1.002,03	1.019,00	1.017,30	5,05	379	7.958	8.095.670,28
18.4.2008	951,00	980,00	950,00	970,00	962,77	3,74	239	6.397	6.158.823,10
17.4.2008	906,01	1.049,00	905,00	935,00	957,44	7,47	325	6.945	6.649.407,89
16.4.2008	780,00	882,00	780,00	870,00	840,55	13,13	247	4.277	3.595.030,27
15.4.2008	725,00	770,00	718,01	769,00	743,21	3,22	314	7.048	5.238.110,76
14.4.2008	815,50	815,50	745,01	745,01	776,44	-10,24	169	5.033	3.907.805,34
11.4.2008	855,50	856,00	830,00	830,00	838,89	-3,04	146	7.114	5.967.888,59
10.4.2008	891,00	891,00	855,00	856,00	874,74	-2,95	103	2.922	2.556.003,99
9.4.2008	870,86	914,89	870,86	882,00	890,98	1,38	83	1.062	946.217,49
8.4.2008	881,00	890,00	850,00	870,01	872,69	-2,25	122	1.916	1.672.083,15
7.4.2008	906,01	906,01	880,00	890,00	886,40	-2,20	188	7.253	6.429.077,94
4.4.2008	933,00	945,99	870,00	910,02	915,53	-4,01	187	4.550	4.165.646,48
3.4.2008	960,10	964,80	920,00	948,00	950,54	-1,77	100	1.492	1.418.199,77
2.4.2008	970,00	984,50	965,05	965,05	976,18	0,52	54	985	961.537,06
1.4.2008	980,00	984,59	959,98	960,02	971,82	-1,54	74	2.060	2.001.944,14
31.3.2008	981,00	990,00	960,00	975,00	976,90	-1,52	81	1.632	1.594.298,70
28.3.2008	990,00	990,00	980,00	990,00	987,56	1,02	77	1.178	1.163.347,88
27.3.2008	991,01	1.000,00	980,00	980,00	992,10	-1,01	84	1.481	1.469.295,97
26.3.2008	1.014,99	1.014,99	990,00	990,00	1.002,91	-1,98	136	2.005	2.010.827,42
25.3.2008	1.009,00	1.045,00	1.009,00	1.010,00	1.024,07	2,43	173	2.906	2.975.936,89
20.3.2008	1.006,00	1.009,00	981,01	986,00	996,48	-3,14	104	1.581	1.575.439,94
19.3.2008	1.060,00	1.075,00	990,00	1.017,99	1.013,69	1,49	158	2.953	2.993.413,57
18.3.2008	980,00	1.029,99	936,50	1.003,00	972,63	2,87	234	4.575	4.449.780,00
17.3.2008	1.084,91	1.084,91	950,00	975,00	1.005,24	-11,36	210	2.486	2.499.019,78
14.3.2008	1.100,00	1.149,99	1.085,00	1.100,00	1.109,09	-0,09	139	2.154	2.388.969,24
13.3.2008	1.150,00	1.150,00	1.101,00	1.101,00	1.126,14	-4,27	119	2.523	2.841.245,89
12.3.2008	1.159,50	1.192,00	1.150,02	1.150,10	1.162,25	0,80	71	927	1.077.404,32
11.3.2008	1.146,00	1.154,99	1.129,00	1.141,00	1.138,34	0,53	102	1.295	1.474.147,52
10.3.2008	1.166,60	1.166,60	1.135,00	1.135,00	1.151,35	-2,99	108	1.355	1.560.082,47
7.3.2008	1.187,00	1.187,00	1.161,00	1.170,00	1.177,88	-1,76	101	1.363	1.605.457,22
6.3.2008	1.217,00	1.233,99	1.191,00	1.191,00	1.204,61	-2,14	72	1.448	1.744.282,38
5.3.2008	1.190,00	1.217,00	1.185,01	1.217,00	1.193,44	2,18	47	1.125	1.342.615,08
4.3.2008	1.215,00	1.216,00	1.181,50	1.191,00	1.201,50	-0,33	90	1.626	1.953.639,58
3.3.2008	1.229,99	1.229,99	1.180,00	1.195,00	1.204,64	-3,63	48	1.089	1.311.850,21
29.2.2008	1.265,00	1.265,00	1.220,00	1.240,00	1.233,54	-1,98	67	753	928.853,28
28.2.2008	1.270,00	1.284,00	1.250,00	1.265,00	1.264,77	-0,39	48	519	656.415,66
27.2.2008	1.288,00	1.288,88	1.268,00	1.270,00	1.274,87	-1,17	45	435	554.569,52
26.2.2008	1.252,00	1.288,90	1.252,00	1.285,00	1.280,38	2,63	70	1.009	1.291.899,18
25.2.2008	1.265,00	1.285,00	1.252,01	1.252,01	1.270,27	1,38	114	1.604	2.037.517,22
22.2.2008	1.293,01	1.293,01	1.221,00	1.235,00	1.253,88	-3,89	105	1.369	1.716.557,84
21.2.2008	1.229,97	1.295,00	1.229,97	1.285,00	1.253,19	6,20	225	3.410	4.273.371,25
20.2.2008	1.173,03	1.212,00	1.173,03	1.210,00	1.198,57	3,42	161	2.891	3.465.074,51
19.2.2008	1.174,99	1.185,00	1.150,06	1.170,00	1.167,73	-0,43	97	1.799	2.100.741,06
18.2.2008	1.190,00	1.200,00	1.149,00	1.175,00	1.171,82	-2,08	104	1.526	1.788.203,93
15.2.2008	1.202,00	1.215,00	1.190,00	1.199,99	1.200,01	-0,42	60	845	1.014.011,90
14.2.2008	1.230,00	1.230,00	1.199,00	1.205,00	1.201,71	0,42	161	4.648	5.585.536,18
13.2.2008	1.252,01	1.320,00	1.167,00	1.200,00	1.249,18	-2,44	382	10.522	13.143.921,74
12.2.2008	1.159,99	1.230,00	1.140,00	1.230,00	1.205,61	8,85	306	7.495	9.036.027,05
11.2.2008	1.182,50	1.209,00	1.080,00	1.130,00	1.133,24	-1,74	267	4.974	5.636.730,04
8.2.2008	1.200,10	1.235,00	1.121,51	1.150,00	1.178,16	-4,97	234	3.856	4.542.995,55
7.2.2008	1.300,00	1.300,00	1.177,22	1.210,10	1.246,10	-8,33	158	4.857	6.052.322,97
6.2.2008	1.324,50	1.330,00	1.286,00	1.320,00	1.308,01	-2,94	138	2.908	3.803.692,51
5.2.2008	1.394,98	1.394,98	1.323,00	1.360,00	1.363,92	-1,81	82	1.451	1.979.050,57
4.2.2008	1.380,00	1.397,00	1.380,00	1.385,00	1.383,66	0,22	52	619	856.487,06
1.2.2008	1.413,00	1.413,00	1.377,00	1.382,00	1.395,18	0,36	48	1.378	1.922.552,65
31.1.2008	1.412,00	1.415,00	1.377,00	1.377,00	1.397,05	-2,48	96	1.962	2.741.010,56
30.1.2008	1.394,88	1.442,00	1.394,88	1.412,00	1.408,65	1,22	96	1.348	1.898.861,83
29.1.2008	1.368,98	1.397,00	1.352,00	1.395,00	1.384,16	1,90	74	604	836.031,62
28.1.2008	1.388,50	1.388,50	1.340,00	1.368,98	1.367,11	-2,14	100	1.189	1.625.491,05
25.1.2008	1.450,00	1.450,00	1.370,00	1.398,97	1.390,58	-3,32	255	4.177	5.808.471,01
24.1.2008	1.449,00	1.488,51	1.390,00	1.446,99	1.404,31	3,36	202	4.150	5.827.869,00
23.1.2008	1.465,00	1.539,00	1.380,00	1.399,99	1.437,39	-2,78	206	2.526	3.630.837,61
22.1.2008	1.440,00	1.499,00	1.350,00	1.440,00	1.431,37	-2,44	268	3.353	4.799.399,36
21.1.2008	1.510,00	1.525,00	1.451,10	1.476,00	1.481,77	-4,53	149	1.802	2.670.156,97
18.1.2008	1.580,00	1.585,00	1.500,01	1.546,00	1.544,19	-2,15	157	2.251	3.475.966,99
17.1.2008	1.545,00	1.588,00	1.545,00	1.580,00	1.577,42	2,60	96	1.126	1.776.179,23
16.1.2008	1.596,00	1.596,00	1.531,00	1.540,00	1.567,52	-3,75	136	1.845	2.892.074,22
15.1.2008	1.641,79	1.641,79	1.590,00	1.600,00	1.610,49	-2,08	127	1.790	2.882.778,16
14.1.2008	1.646,00	1.650,00	1.634,00	1.634,00	1.643,03	-0,91	98	873	1.434.361,27
11.1.2008	1.625,00	1.649,00	1.620,00	1.648,99	1.633,62	1,48	74	1.117	1.824.755,33
10.1.2008	1.607,00	1.625,00	1.595,00	1.625,00	1.604,48	1,56	178	2.882	4.624.109,15
9.1.2008	1.630,00	1.635,00	1.600,00	1.600,00	1.615,80	-2,32	130	1.785	2.884.203,70
8.1.2008	1.649,95	1.649,95	1.622,11	1.637,98	1.629,89	-0,19	54	428	697.592,37
7.1.2008	1.680,00	1.686,99	1.641,11	1.641,11	1.661,61	-2,55	77	1.141	1.895.896,34
4.1.2008	1.671,01	1.688,00	1.650,00	1.684,00	1.667,46	0,00	113	1.167	1.945.925,90
3.1.2008	1.696,90	1.696,90	1.677,00	1.684,00	1.690,18	-0,76	80	1.009	1.705.394,20
2.1.2008	1.699,90	1.699,90	1.670,01	1.696,90	1.685,38	-0,18	70	606	1.021.340,93
31.12.2007	1.715,00	1.718,90	1.690,10	1.699,90	1.706,80	-0,01	66	1.022	1.744.345,74
28.12.2007	1.699,00	1.724,00	1.685,00	1.700,00	1.699,72	0,06	119	2.342	3.980.744,01
27.12.2007	1.644,99	1.699,00	1.644,00	1.699,00	1.681,36	3,91	92	1.000	1.681.360,86
21.12.2007	1.631,02	1.644,90	1.621,03	1.635,03	1.636,15	0,61	40	650	1.063.499,28
20.12.2007	1.635,00	1.648,99	1.620,00	1.625,06	1.625,08	-0,36	79	1.503	2.442.489,73
19.12.2007	1.650,00	1.678,97	1.626,04	1.631,00	1.649,43	-1,69	39	301	496.478,74
18.12.2007	1.621,00	1.680,00	1.581,00	1.659,00	1.631,28	2,09	118	2.669	4.353.883,94
18.12.2007		1.650,00	1.620,00		1.635,00	Blok	2	10.000	16.350.000,00
17.12.2007	1.669,00	1.669,00	1.621,11	1.625,00	1.641,60	-1,52	47	368	604.110,54
14.12.2007	1.650,00	1.669,00	1.641,00	1.650,00	1.649,12	0,00	49	529	872.382,87
13.12.2007	1.676,00	1.680,00	1.650,00	1.650,00	1.666,66	-0,90	47	651	1.084.996,75
12.12.2007	1.680,00	1.680,00	1.641,00	1.665,00	1.668,15	-0,24	72	600	1.000.888,00
11.12.2007	1.628,00	1.670,00	1.615,00	1.669,00	1.644,38	3,66	68	2.989	4.915.043,21
10.12.2007	1.645,00	1.650,00	1.610,04	1.610,04	1.626,53	-1,22	86	2.200	3.578.360,06
7.12.2007	1.648,99	1.649,99	1.601,01	1.630,00	1.637,09	-0,60	171	3.454	5.654.507,62
6.12.2007	1.588,54	1.643,99	1.588,54	1.639,89	1.616,65	3,23	177	2.797	4.521.782,25
5.12.2007	1.544,00	1.630,00	1.544,00	1.588,54	1.590,32	2,88	151	3.338	5.308.477,51
4.12.2007	1.540,00	1.544,00	1.526,00	1.544,00	1.537,43	0,26	76	1.522	2.339.961,00
3.12.2007	1.546,01	1.546,01	1.532,00	1.539,99	1.538,97	-0,39	46	672	1.034.190,87
30.11.2007	1.541,00	1.549,00	1.530,00	1.546,00	1.541,10	0,72	88	1.103	1.699.834,10
29.11.2007	1.550,00	1.550,00	1.525,00	1.535,00	1.539,36	-0,97	36	362	557.248,27
28.11.2007	1.551,00	1.559,00	1.501,00	1.550,00	1.530,34	0,00	86	969	1.482.903,14
27.11.2007	1.600,00	1.610,00	1.548,00	1.550,00	1.569,56	-1,90	165	2.139	3.357.293,10
26.11.2007	1.589,50	1.670,00	1.570,00	1.580,00	1.605,72	1,28	279	4.622	7.421.647,32
23.11.2007	1.529,98	1.570,00	1.529,00	1.560,00	1.548,36	1,96	121	5.100	7.896.618,96
22.11.2007	1.578,00	1.578,98	1.500,00	1.529,98	1.521,59	-1,29	190	4.378	6.661.524,56
21.11.2007	1.535,00	1.613,00	1.525,00	1.550,00	1.568,49	1,31	240	3.745	5.874.006,60
20.11.2007	1.463,02	1.540,00	1.325,00	1.530,00	1.428,38	4,44	342	10.437	14.907.978,58
19.11.2007	1.580,00	1.600,00	1.462,10	1.465,00	1.490,69	-7,28	199	2.811	4.190.330,07
16.11.2007	1.635,00	1.635,00	1.541,00	1.580,00	1.573,28	-2,53	198	1.922	3.023.850,52
15.11.2007	1.700,00	1.710,00	1.621,00	1.621,00	1.660,16	-4,65	167	1.682	2.792.382,85
14.11.2007	1.648,88	1.767,00	1.607,00	1.700,00	1.713,11	3,10	262	3.855	6.604.046,52
13.11.2007	1.600,00	1.659,99	1.600,00	1.648,88	1.618,97	3,06	224	3.436	5.562.775,52
12.11.2007	1.592,99	1.610,00	1.590,00	1.600,00	1.596,97	0,63	176	3.496	5.583.019,89
9.11.2007	1.579,74	1.598,00	1.579,74	1.589,99	1.590,10	0,95	222	4.117	6.546.431,83
8.11.2007	1.588,00	1.600,00	1.552,00	1.575,00	1.582,31	-0,82	138	1.531	2.422.523,08
7.11.2007	1.550,00	1.589,99	1.540,00	1.588,00	1.571,99	3,12	146	2.034	3.197.432,43
6.11.2007	1.474,00	1.590,00	1.474,00	1.540,00	1.529,26	4,05	191	3.809	5.824.944,06
5.11.2007	1.540,00	1.550,00	1.450,00	1.480,00	1.480,61	-3,90	193	3.703	5.482.702,89
31.10.2007	1.550,00	1.600,00	1.519,00	1.540,00	1.543,20	-1,72	224	3.058	4.719.103,77
30.10.2007	1.684,99	1.684,99	1.566,00	1.567,00	1.598,97	-7,00	188	2.393	3.826.335,52
29.10.2007	1.739,00	1.750,00	1.670,00	1.684,99	1.705,92	-2,88	113	1.233	2.103.401,48
26.10.2007	1.769,00	1.769,00	1.660,00	1.735,00	1.716,30	-0,91	128	1.154	1.980.611,53
25.10.2007	1.779,99	1.779,99	1.740,01	1.751,02	1.761,71	-1,35	139	2.431	4.282.719,98
24.10.2007	1.776,00	1.779,99	1.770,00	1.775,00	1.776,63	0,40	148	1.775	3.153.523,40
23.10.2007	1.750,00	1.790,00	1.740,00	1.768,00	1.771,20	1,61	175	2.281	4.040.117,63
22.10.2007	1.785,00	1.820,00	1.715,00	1.740,00	1.773,70	-2,19	234	3.614	6.410.138,16
19.10.2007	1.760,00	1.789,99	1.750,01	1.779,00	1.776,19	1,08	163	2.204	3.914.715,08
18.10.2007	1.728,10	1.796,00	1.720,00	1.760,00	1.759,22	1,85	259	2.795	4.917.014,51
17.10.2007	1.780,00	1.784,00	1.672,00	1.728,00	1.718,82	-2,92	415	5.969	10.259.633,11
16.10.2007	1.850,00	1.900,00	1.775,00	1.780,00	1.845,05	-3,00	589	8.986	16.579.653,58
15.10.2007	1.700,00	1.950,00	1.700,00	1.835,00	1.855,98	11,21	446	9.708	18.017.859,13
12.10.2007	1.619,00	1.680,00	1.619,00	1.650,00	1.660,82	1,91	228	3.662	6.081.925,75
11.10.2007	1.602,00	1.650,00	1.599,00	1.619,00	1.608,36	1,19	281	5.393	8.673.868,02
10.10.2007	1.509,98	1.618,00	1.505,00	1.600,00	1.572,67	6,31	171	3.901	6.134.974,47
9.10.2007	1.510,00	1.510,00	1.490,00	1.505,00	1.504,82	1,69	125	3.561	5.358.676,65
5.10.2007	1.479,00	1.514,99	1.460,00	1.480,00	1.496,28	1,37	75	2.826	4.228.492,63
4.10.2007	1.449,00	1.460,00	1.420,00	1.460,00	1.454,87	1,39	118	7.383	10.741.302,44
3.10.2007	1.400,00	1.440,00	1.400,00	1.440,00	1.416,64	2,86	75	2.044	2.895.612,69
2.10.2007	1.398,00	1.400,00	1.392,00	1.399,97	1.398,39	1,01	85	2.218	3.101.622,95
1.10.2007	1.360,00	1.399,90	1.360,00	1.386,00	1.396,00	4,21	37	765	1.067.940,11
28.9.2007	1.386,99	1.410,00	1.330,00	1.330,00	1.386,50	-4,11	105	2.812	3.898.833,03
27.9.2007	1.363,00	1.400,01	1.363,00	1.386,99	1.387,98	1,98	91	2.435	3.379.742,88
26.9.2007	1.311,01	1.360,00	1.311,00	1.360,00	1.340,78	3,03	85	3.069	4.114.839,76
25.9.2007	1.301,00	1.320,00	1.300,00	1.320,00	1.312,51	1,54	37	1.098	1.441.131,81
24.9.2007	1.272,00	1.328,99	1.272,00	1.300,00	1.308,94	2,36	133	7.343	9.611.557,84
21.9.2007	1.261,10	1.294,99	1.261,00	1.270,00	1.277,60	0,75	124	4.500	5.749.214,05
20.9.2007	1.240,00	1.270,00	1.239,00	1.260,51	1.259,00	1,66	92	2.872	3.615.847,67
19.9.2007	1.180,00	1.239,99	1.180,00	1.239,98	1.220,09	5,08	126	4.606	5.619.725,99
18.9.2007	1.190,00	1.199,99	1.171,00	1.180,00	1.182,85	-0,84	82	2.459	2.908.639,38
17.9.2007	1.211,00	1.214,00	1.160,00	1.190,00	1.190,60	-2,30	87	2.489	2.963.397,75
14.9.2007	1.220,00	1.225,00	1.211,00	1.218,00	1.220,42	-0,16	84	1.901	2.320.010,18
13.9.2007	1.220,00	1.225,00	1.220,00	1.220,00	1.221,68	0,00	62	1.539	1.880.171,96
12.9.2007	1.220,00	1.223,00	1.215,11	1.220,00	1.220,24	0,00	75	2.333	2.846.816,39
11.9.2007	1.215,12	1.230,00	1.215,11	1.220,00	1.222,49	0,40	55	2.124	2.596.563,99
10.9.2007	1.220,00	1.222,00	1.208,00	1.215,11	1.216,98	-0,40	50	1.086	1.321.645,10
7.9.2007	1.225,00	1.234,90	1.220,00	1.220,00	1.226,00	0,00	56	2.049	2.512.079,36
6.9.2007	1.229,00	1.229,00	1.220,00	1.220,01	1.222,01	-0,08	24	335	409.374,49
5.9.2007	1.225,00	1.231,00	1.221,00	1.221,00	1.227,22	-0,33	40	1.553	1.905.867,50
4.9.2007	1.212,01	1.230,00	1.208,00	1.225,00	1.217,31	1,07	47	2.098	2.553.920,98
3.9.2007	1.221,00	1.229,99	1.212,01	1.212,01	1.217,33	-1,46	38	1.313	1.598.355,84
31.8.2007	1.241,00	1.248,80	1.221,00	1.230,00	1.236,99	-0,81	56	2.154	2.664.471,90
30.8.2007	1.247,00	1.249,99	1.240,00	1.240,00	1.245,48	-0,40	49	1.199	1.493.336,26
29.8.2007	1.237,00	1.247,99	1.230,00	1.245,00	1.240,00	0,41	32	694	860.562,55
28.8.2007	1.230,00	1.250,00	1.222,00	1.239,89	1.236,50	1,55	36	568	702.329,90
27.8.2007	1.231,00	1.231,50	1.207,16	1.221,00	1.222,14	-0,33	56	1.397	1.707.325,51
24.8.2007	1.245,00	1.245,00	1.203,00	1.225,00	1.224,08	-2,00	73	2.717	3.325.813,05
23.8.2007	1.264,99	1.270,00	1.235,00	1.249,98	1.252,50	-1,19	43	1.894	2.372.231,20
22.8.2007	1.274,00	1.274,00	1.255,01	1.265,00	1.262,82	0,40	33	592	747.591,87
21.8.2007	1.278,00	1.278,00	1.260,02	1.260,02	1.271,08	0,00	57	1.624	2.064.228,41
20.8.2007	1.255,00	1.284,00	1.255,00	1.260,00	1.267,60	0,40	58	1.321	1.674.503,17
17.8.2007	1.250,00	1.288,99	1.200,00	1.255,00	1.223,82	0,40	82	3.211	3.929.687,79
16.8.2007	1.315,00	1.320,00	1.235,00	1.250,00	1.255,56	-4,94	183	9.208	11.561.159,14
14.8.2007	1.300,00	1.330,00	1.291,00	1.315,00	1.305,51	2,02	112	3.603	4.703.756,23
13.8.2007	1.307,98	1.332,48	1.281,11	1.289,00	1.308,48	-0,77	120	3.571	4.672.577,85
10.8.2007	1.280,00	1.340,12	1.260,00	1.299,00	1.301,12	1,96	216	4.909	6.387.220,58
9.8.2007	1.259,94	1.274,98	1.245,00	1.274,00	1.250,71	1,92	88	6.950	8.692.413,26
8.8.2007	1.249,00	1.250,00	1.237,00	1.250,00	1.237,55	1,21	41	5.582	6.908.016,22
7.8.2007	1.250,00	1.269,00	1.235,00	1.235,00	1.245,50	2,07	34	566	704.954,18
6.8.2007	1.257,99	1.274,99	1.210,00	1.210,00	1.235,49	-3,20	35	1.392	1.719.798,34
3.8.2007	1.251,00	1.260,00	1.245,00	1.250,00	1.250,20	0,00	46	1.593	1.991.567,99
2.8.2007	1.289,00	1.295,00	1.230,00	1.250,00	1.256,97	-3,10	92	2.612	3.283.197,39
1.8.2007	1.270,00	1.290,00	1.250,00	1.290,00	1.261,39	2,22	57	1.870	2.358.792,97
31.7.2007	1.269,59	1.295,94	1.260,09	1.262,01	1.274,76	-0,63	33	619	789.077,11
30.7.2007	1.249,00	1.270,00	1.248,01	1.270,00	1.259,54	1,60	24	324	408.089,60
27.7.2007	1.257,00	1.270,00	1.250,00	1.250,00	1.254,73	-0,40	42	2.244	2.815.610,90
26.7.2007	1.290,00	1.290,00	1.255,00	1.255,00	1.268,24	-2,71	32	643	815.476,28
25.7.2007	1.299,99	1.299,99	1.286,00	1.290,00	1.290,58	-0,31	47	1.374	1.773.255,30
24.7.2007	1.232,00	1.300,00	1.232,00	1.294,00	1.276,05	5,20	113	2.762	3.524.461,32
23.7.2007	1.209,98	1.230,00	1.209,98	1.230,00	1.222,98	1,65	98	7.160	8.756.517,21
20.7.2007	1.207,99	1.209,99	1.192,00	1.209,98	1.205,47	0,16	56	2.158	2.601.394,65
19.7.2007	1.205,00	1.209,99	1.180,00	1.207,99	1.199,05	0,67	45	1.655	1.984.433,11
18.7.2007	1.216,00	1.216,00	1.200,00	1.200,00	1.205,96	-1,31	68	2.062	2.486.697,72
17.7.2007	1.200,00	1.218,00	1.199,99	1.215,99	1.205,79	1,33	41	1.735	2.092.039,83
16.7.2007	1.217,00	1.218,00	1.200,00	1.200,00	1.209,35	-1,40	62	2.908	3.516.800,30
13.7.2007	1.215,00	1.218,00	1.210,00	1.217,00	1.215,02	0,16	36	1.989	2.416.681,73
12.7.2007	1.218,00	1.220,00	1.215,00	1.215,00	1.217,71	-0,25	24	619	753.760,13
11.7.2007	1.220,00	1.220,00	1.210,00	1.218,00	1.215,54	-0,16	18	400	486.216,91
10.7.2007	1.214,01	1.220,00	1.207,10	1.219,99	1.215,66	0,00	31	593	720.884,15
9.7.2007	1.224,00	1.230,00	1.210,00	1.220,00	1.218,29	-0,33	46	1.162	1.415.650,60
6.7.2007	1.206,00	1.228,00	1.206,00	1.224,00	1.221,82	2,00	35	8.173	9.985.903,00
5.7.2007	1.233,00	1.235,13	1.200,00	1.200,00	1.228,92	-2,68	39	946	1.162.557,33
4.7.2007	1.269,98	1.269,99	1.233,00	1.233,00	1.250,15	-1,36	19	407	508.810,23
3.7.2007	1.280,00	1.299,98	1.250,00	1.250,00	1.268,41	-1,57	31	1.109	1.406.671,54
2.7.2007	1.315,00	1.315,00	1.265,00	1.270,00	1.285,68	-3,05	49	2.157	2.773.214,98
29.6.2007	1.310,00	1.316,98	1.300,00	1.310,00	1.311,09	0,77	15	461	604.410,72
28.6.2007	1.302,00	1.315,01	1.300,00	1.300,00	1.309,53	0,39	29	947	1.240.125,30
27.6.2007	1.295,00	1.302,00	1.285,00	1.294,99	1.293,87	0,39	30	503	650.815,46
26.6.2007	1.285,00	1.306,00	1.282,50	1.290,00	1.294,31	0,78	32	1.011	1.308.546,79
21.6.2007	1.270,04	1.295,00	1.270,02	1.280,00	1.283,96	0,79	11	88	112.988,53
20.6.2007	1.290,00	1.300,00	1.270,00	1.270,02	1.284,01	-1,93	47	1.051	1.349.493,13
19.6.2007	1.298,00	1.300,00	1.275,00	1.295,00	1.288,26	1,88	37	893	1.150.418,31
18.6.2007	1.318,00	1.318,00	1.271,13	1.271,13	1.296,18	-3,56	26	493	639.017,57
15.6.2007	1.319,99	1.319,99	1.300,00	1.318,00	1.307,10	0,61	27	430	562.053,02
14.6.2007	1.285,17	1.310,00	1.275,00	1.310,00	1.290,60	1,55	37	1.342	1.731.986,64
13.6.2007	1.310,60	1.311,00	1.285,15	1.290,00	1.301,46	-1,56	37	858	1.116.652,44
12.6.2007	1.299,99	1.340,00	1.299,99	1.310,50	1.313,52	0,81	30	1.208	1.586.733,68
11.6.2007	1.315,00	1.349,99	1.300,00	1.300,00	1.319,39	-1,14	64	1.517	2.001.507,75
8.6.2007	1.300,00	1.320,00	1.280,02	1.315,00	1.300,11	-1,79	47	1.143	1.486.024,66
6.6.2007	1.350,00	1.365,00	1.299,00	1.339,00	1.315,79	-1,54	85	3.025	3.980.267,38
5.6.2007	1.378,99	1.380,00	1.303,01	1.360,00	1.362,02	0,74	71	1.436	1.955.859,28
4.6.2007	1.395,00	1.395,00	1.350,00	1.350,00	1.378,67	-2,88	71	1.741	2.400.260,61
1.6.2007	1.372,00	1.400,00	1.370,00	1.390,00	1.387,84	1,09	96	2.811	3.901.209,76
31.5.2007	1.370,00	1.379,00	1.370,00	1.375,00	1.375,18	0,36	64	1.432	1.969.259,84
30.5.2007	1.369,99	1.379,00	1.360,00	1.370,00	1.371,39	0,74	72	1.435	1.967.945,97
29.5.2007	1.310,00	1.389,00	1.310,00	1.360,00	1.369,07	4,62	126	3.216	4.402.914,49
28.5.2007	1.300,00	1.350,00	1.291,00	1.299,99	1.306,22	2,28	86	3.467	4.528.651,04
25.5.2007	1.330,00	1.330,00	1.271,00	1.271,00	1.301,64	-3,71	61	1.456	1.895.188,88
24.5.2007	1.320,00	1.350,00	1.308,00	1.320,00	1.333,74	1,46	70	3.364	4.486.705,91
23.5.2007	1.349,00	1.355,00	1.300,00	1.301,00	1.317,08	-3,56	75	1.429	1.882.106,06
22.5.2007	1.380,00	1.384,99	1.340,00	1.349,00	1.352,72	-1,89	83	3.063	4.143.390,13
21.5.2007	1.395,90	1.395,90	1.350,00	1.375,00	1.378,68	-1,08	60	1.154	1.591.002,43
18.5.2007	1.459,00	1.470,00	1.375,00	1.389,99	1.404,93	-4,73	173	3.432	4.821.708,94
17.5.2007	1.400,00	1.459,00	1.400,00	1.459,00	1.434,39	4,22	6	66	94.670,00
16.5.2007	1.270,00	1.399,98	1.270,00	1.399,98	1.306,24	12,00	64	2.381	3.110.154,61
15.5.2007	1.210,20	1.270,00	1.200,00	1.250,00	1.227,20	2,47	69	4.032	4.948.073,29
14.5.2007	1.179,99	1.220,00	1.167,01	1.219,90	1.196,15	4,53	54	2.571	3.075.298,51
11.5.2007	1.165,00	1.190,00	1.165,00	1.167,03	1.186,77	-0,25	26	746	885.330,88
10.5.2007	1.190,00	1.190,00	1.155,10	1.170,00	1.172,00	-1,68	40	1.122	1.314.989,50
9.5.2007	1.190,01	1.199,98	1.179,96	1.190,00	1.191,59	-0,83	49	2.468	2.940.845,78
8.5.2007	1.179,90	1.220,00	1.152,01	1.199,95	1.197,38	1,78	72	5.720	6.849.040,80
7.5.2007	1.144,50	1.178,96	1.135,00	1.178,96	1.153,95	2,52	41	3.687	4.254.601,64
4.5.2007	1.110,00	1.150,00	1.110,00	1.150,00	1.134,61	2,68	50	2.577	2.923.884,10
3.5.2007	1.110,00	1.124,97	1.099,99	1.120,00	1.110,81	1,82	39	1.612	1.790.620,20
2.5.2007	1.064,99	1.100,00	1.060,00	1.100,00	1.088,01	4,66	58	3.170	3.448.976,10
30.4.2007	1.051,00	1.070,00	1.050,00	1.051,00	1.055,18	0,00	24	525	553.967,45
27.4.2007	1.063,96	1.070,00	1.050,00	1.051,00	1.065,27	-1,22	23	944	1.005.618,31
26.4.2007	1.040,00	1.063,96	1.040,00	1.063,96	1.054,37	2,30	31	606	638.946,32
25.4.2007	1.061,01	1.064,98	1.010,00	1.040,00	1.034,90	-1,98	50	1.999	2.068.771,07
24.4.2007	1.095,00	1.100,00	1.061,00	1.061,00	1.074,90	-3,55	36	1.309	1.407.046,68
23.4.2007	1.099,99	1.100,00	1.070,00	1.100,00	1.093,00	0,00	27	1.485	1.623.109,19
20.4.2007	1.110,00	1.117,89	1.089,99	1.100,00	1.107,52	-0,90	40	1.380	1.528.376,52
19.4.2007	1.120,00	1.120,00	1.040,00	1.110,00	1.081,17	-0,89	79	2.483	2.684.553,26
18.4.2007	1.120,00	1.164,99	1.105,00	1.120,00	1.138,37	0,00	75	2.972	3.383.235,14
17.4.2007	1.080,00	1.144,99	1.078,00	1.120,00	1.103,93	3,90	51	5.077	5.604.676,79
16.4.2007	1.084,99	1.087,00	1.070,01	1.078,00	1.083,03	-0,19	46	1.583	1.714.441,25
13.4.2007	1.055,00	1.084,99	1.053,00	1.080,00	1.071,13	2,86	47	2.554	2.735.656,57
12.4.2007	1.080,00	1.098,13	1.050,00	1.050,00	1.074,57	-2,78	61	2.942	3.161.385,04
11.4.2007	1.050,00	1.080,00	1.032,01	1.080,00	1.048,99	2,86	73	3.505	3.676.712,90
10.4.2007	1.009,99	1.050,00	1.009,00	1.050,00	1.036,33	3,96	66	4.220	4.373.331,86
5.4.2007	1.018,99	1.020,00	995,00	1.009,99	1.012,68	0,90	23	878	889.137,37
4.4.2007	1.020,00	1.020,00	1.000,00	1.001,00	1.014,35	-1,86	23	1.155	1.171.568,59
3.4.2007	1.000,00	1.020,00	995,00	1.020,00	1.009,60	0,49	39	1.638	1.653.726,26
2.4.2007	1.006,01	1.035,00	995,24	1.014,99	1.007,78	-0,49	24	848	854.594,81
30.3.2007	1.040,00	1.041,99	1.001,13	1.020,00	1.012,57	-2,30	27	547	553.875,39
29.3.2007	1.040,00	1.050,00	1.000,00	1.043,97	1.032,97	-0,57	42	1.348	1.392.437,10
28.3.2007	998,00	1.049,99	976,77	1.049,99	996,10	6,06	45	2.353	2.343.829,56
27.3.2007	970,00	990,00	970,00	990,00	981,60	1,12	43	1.416	1.389.941,87
26.3.2007	979,00	979,00	962,00	979,00	971,15	-0,10	31	1.621	1.574.234,16
23.3.2007	965,00	990,00	965,00	980,00	979,51	2,08	91	5.614	5.498.993,26
22.3.2007	941,00	960,50	939,00	960,00	954,97	1,91	46	3.483	3.326.163,80
21.3.2007	926,21	942,00	925,00	942,00	932,87	1,84	38	1.544	1.440.358,17
20.3.2007	942,52	942,52	922,00	925,00	937,29	-2,62	56	1.590	1.490.296,46
19.3.2007	955,00	955,00	942,10	949,90	945,48	-0,53	25	1.166	1.102.426,00
16.3.2007	960,00	960,00	950,00	955,00	952,52	-0,52	17	372	354.336,85
15.3.2007	974,78	974,99	947,00	960,00	959,96	-1,52	23	1.064	1.021.393,62
14.3.2007	965,00	977,50	960,00	974,77	965,23	-0,43	18	421	406.360,43
13.3.2007	978,00	979,96	975,00	979,00	976,07	0,10	20	1.302	1.270.845,53
12.3.2007	976,99	979,97	968,00	978,00	976,33	-0,20	26	721	703.934,91
9.3.2007	970,00	979,96	970,00	979,95	977,06	0,51	36	1.067	1.042.518,15
8.3.2007	968,00	975,00	960,00	975,00	970,79	0,52	29	1.374	1.333.866,60
7.3.2007	959,90	970,00	950,02	970,00	962,35	2,05	36	2.935	2.824.487,10
6.3.2007	960,00	960,00	941,01	950,50	950,07	-0,99	20	2.729	2.592.754,65
5.3.2007	963,01	979,99	960,00	960,00	966,88	-1,03	32	772	746.432,80
2.3.2007	975,00	984,00	970,00	970,00	979,27	-1,02	38	1.507	1.475.765,29
1.3.2007	948,17	980,00	940,00	980,00	958,90	2,19	47	5.423	5.200.103,19
28.2.2007	980,00	989,00	914,00	959,00	948,17	-2,14	80	7.800	7.395.751,18
27.2.2007	965,00	980,00	955,00	980,00	970,86	1,03	79	10.654	10.343.579,92
26.2.2007	950,00	970,00	941,01	970,00	952,34	2,11	63	2.813	2.678.922,42
23.2.2007	946,00	960,00	945,00	950,00	952,22	-0,52	110	16.079	15.310.754,86
22.2.2007	968,00	968,00	937,00	955,00	950,28	-1,43	71	2.822	2.681.688,04
21.2.2007	925,00	970,00	925,00	968,90	943,95	5,32	120	7.811	7.373.229,21
20.2.2007	884,00	930,00	884,00	920,00	912,75	4,07	95	3.434	3.134.400,10
19.2.2007	869,69	885,00	860,00	884,00	875,29	2,79	50	3.492	3.056.514,85
16.2.2007	865,00	870,00	843,06	860,00	862,78	-0,58	58	2.884	2.488.265,86
15.2.2007	853,02	865,00	847,02	865,00	858,23	1,29	61	6.743	5.787.054,59
14.2.2007	852,50	854,00	845,10	854,00	851,35	0,18	48	1.584	1.348.531,86
13.2.2007	849,99	855,00	848,99	852,50	850,54	0,41	61	2.862	2.434.241,58
12.2.2007	846,22	849,95	835,01	849,00	842,89	0,47	60	4.722	3.980.147,91
9.2.2007	850,00	850,00	841,05	845,00	846,60	-0,59	68	3.693	3.126.480,23
8.2.2007	850,00	854,99	846,00	850,00	850,31	0,00	44	3.397	2.888.502,23
7.2.2007	844,99	861,00	844,99	850,00	856,25	0,12	53	8.192	7.014.422,18
6.2.2007	850,00	850,00	840,00	849,00	847,31	-0,12	43	6.220	5.270.256,42
5.2.2007	848,98	850,00	831,01	850,00	843,18	0,12	63	5.335	4.498.382,64
2.2.2007	849,99	850,00	840,00	848,98	848,82	0,47	41	8.317	7.059.672,99
1.2.2007	850,00	854,99	840,10	845,00	849,54	-0,59	96	9.969	8.469.054,20
31.1.2007	847,89	859,99	845,00	850,00	850,48	0,12	65	9.191	7.816.774,33
30.1.2007	836,00	850,00	831,50	848,99	839,20	1,37	79	12.667	10.630.099,62
29.1.2007	840,01	845,00	837,00	837,50	839,68	-1,47	55	5.119	4.298.314,43
26.1.2007	845,00	855,00	820,00	850,00	846,12	0,59	85	24.020	20.323.917,49
25.1.2007	860,05	865,00	845,00	845,00	854,32	-2,65	29	2.607	2.227.219,87
24.1.2007	873,00	873,00	865,00	868,00	869,38	-0,57	31	1.453	1.263.204,40
23.1.2007	869,99	874,98	865,00	873,00	870,04	-0,23	37	2.824	2.456.988,33
22.1.2007	865,00	879,00	865,00	875,00	870,77	1,74	42	1.858	1.617.886,13
19.1.2007	845,00	860,00	845,00	860,00	851,09	1,78	30	1.315	1.119.179,80
18.1.2007	843,99	845,00	841,99	845,00	842,72	0,12	20	841	708.724,93
17.1.2007	840,03	845,00	840,00	843,99	840,66	0,24	20	646	543.066,91
16.1.2007	838,99	842,00	838,00	842,00	839,34	0,36	18	818	686.578,96
15.1.2007	837,99	839,00	835,06	838,99	837,68	0,12	32	1.656	1.387.198,07
12.1.2007	830,01	838,50	830,01	837,99	835,06	0,48	23	911	760.739,07
11.1.2007	833,00	834,90	831,50	834,00	833,93	0,48	21	1.369	1.141.653,20
10.1.2007	830,00	833,00	829,00	830,00	829,56	0,00	9	193	160.105,00
9.1.2007	819,00	830,00	818,00	830,00	825,00	1,22	31	1.725	1.423.118,40
8.1.2007	820,02	824,00	818,00	820,00	820,76	0,00	24	1.158	950.444,50
5.1.2007	819,00	820,06	816,51	820,00	819,86	0,00	29	1.448	1.187.152,90
4.1.2007	820,01	824,99	820,00	820,00	820,80	0,00	17	1.284	1.053.907,39
3.1.2007	805,00	820,00	805,00	820,00	814,95	1,23	15	453	369.172,63
2.1.2007	809,00	810,00	805,00	810,00	808,80	1,00	7	291	235.360,00
29.12.2006	810,01	810,01	802,00	802,01	806,06	-1,59	23	1.190	959.211,27
28.12.2006	815,00	815,00	815,00	815,00	815,00	0,00	2	10	8.150,00
27.12.2006	810,00	815,00	805,00	815,00	806,87	0,62	28	1.234	995.680,85
22.12.2006	814,90	814,90	807,00	810,00	809,05	-0,60	14	1.520	1.229.751,50
21.12.2006	806,51	814,90	800,00	814,90	802,45	-0,61	27	1.889	1.515.831,33
20.12.2006	805,00	819,90	805,00	819,90	805,30	1,85	19	735	591.895,91
19.12.2006	815,00	815,00	805,00	805,00	810,14	-1,23	21	761	616.515,53
18.12.2006	819,00	819,00	815,00	815,00	818,01	-0,60	7	77	62.986,90
15.12.2006	820,00	820,00	815,00	819,90	819,22	-0,01	9	195	159.747,80
14.12.2006	819,96	824,00	819,00	820,00	820,28	0,00	17	1.311	1.075.381,64
13.12.2006	820,00	820,00	790,03	819,96	809,33	0,00	23	1.536	1.243.133,94
12.12.2006	831,00	831,00	820,00	820,00	820,69	-1,32	8	205	168.242,40
11.12.2006	835,00	835,00	831,00	831,00	834,49	-0,48	9	292	243.671,54
8.12.2006	830,00	835,00	828,00	834,99	833,15	0,84	12	626	521.550,47
7.12.2006	829,00	835,00	827,00	828,00	830,18	0,00	35	914	758.787,29
6.12.2006	828,00	830,00	827,99	828,00	828,80	0,67	26	896	742.601,85
5.12.2006	821,00	828,47	821,00	822,50	823,14	0,18	19	442	363.825,74
4.12.2006	820,00	829,98	819,02	821,00	820,53	-1,08	17	1.075	882.073,73
1.12.2006	825,00	829,99	820,00	829,99	822,44	0,60	19	900	740.193,90
30.11.2006	829,00	829,00	825,00	825,00	828,15	-0,48	20	767	635.188,90
29.11.2006	831,00	831,01	820,00	829,00	825,53	-0,13	17	857	707.482,54
28.11.2006	823,99	830,12	823,74	830,11	828,13	0,74	21	1.235	1.022.737,29
27.11.2006	817,50	824,00	815,00	824,00	818,37	0,73	24	1.290	1.055.692,66
24.11.2006	817,99	818,00	817,98	817,99	817,99	0,00	5	99	80.980,98
23.11.2006	817,00	818,00	817,00	818,00	817,77	1,30	9	266	217.526,08
22.11.2006	817,00	817,00	807,51	807,51	810,73	-1,16	9	225	182.415,10
21.11.2006	814,99	817,99	814,99	817,00	817,31	0,37	27	584	477.306,60
20.11.2006	815,00	819,00	814,00	814,00	816,24	0,43	17	472	385.264,17
17.11.2006	815,00	815,00	810,50	810,50	812,27	-0,55	26	616	500.360,96
16.11.2006	815,00	819,97	810,00	815,00	814,32	0,00	23	684	556.991,68
15.11.2006	790,00	815,00	785,05	815,00	801,32	3,43	35	1.261	1.010.469,56
14.11.2006	793,17	800,00	780,00	788,00	789,57	-1,50	65	5.915	4.670.331,84
13.11.2006	807,01	807,01	792,01	800,00	800,58	-1,23	19	799	639.664,05
10.11.2006	810,00	812,87	807,00	810,00	809,87	0,00	22	2.472	2.001.994,36
9.11.2006	810,00	813,98	808,02	810,00	810,53	0,00	32	1.783	1.445.173,28
8.11.2006	810,00	814,97	807,00	810,00	811,41	-0,36	24	1.103	894.982,33
7.11.2006	819,97	820,00	806,02	812,90	812,68	0,11	31	1.541	1.252.342,36
6.11.2006	812,00	812,01	811,00	812,00	811,97	-0,98	12	441	358.080,54
3.11.2006	815,00	820,00	800,00	820,00	802,38	0,61	15	525	421.247,50
2.11.2006	830,00	830,00	815,00	815,00	827,05	-1,81	13	193	159.620,44
31.10.2006	826,00	830,00	825,12	830,00	829,65	0,12	23	1.329	1.102.598,50
30.10.2006	836,00	839,00	829,00	829,00	833,30	-0,72	17	822	684.972,48
27.10.2006	839,99	840,00	835,00	835,00	839,52	1,20	14	519	435.708,94
26.10.2006	830,00	839,99	825,02	825,13	827,10	-0,59	14	722	597.166,05
25.10.2006	850,00	850,00	823,00	830,00	841,12	-1,89	22	972	817.567,00
24.10.2006	855,00	855,00	846,00	846,00	850,20	-0,12	39	2.025	1.721.663,05
23.10.2006	855,00	855,00	847,00	847,00	851,57	-0,94	39	2.530	2.154.483,73
20.10.2006	839,99	859,89	839,99	855,00	844,86	1,79	29	2.274	1.921.217,18
19.10.2006	839,99	840,00	835,04	839,99	838,51	0,59	24	807	676.679,05
18.10.2006	830,99	840,00	830,00	835,03	831,58	1,09	16	1.184	984.587,48
17.10.2006	839,97	839,97	825,50	826,00	829,38	-1,67	24	624	517.533,22
16.10.2006	850,00	859,93	839,97	839,99	847,66	0,00	25	1.011	856.983,40
13.10.2006	831,99	849,90	831,99	840,00	844,46	1,20	20	645	544.679,04
12.10.2006	815,00	830,00	815,00	830,00	822,10	1,72	52	4.094	3.365.675,85
11.10.2006	800,00	819,99	799,95	816,00	803,84	2,45	44	4.488	3.607.616,00
10.10.2006	796,50	800,00	796,50	796,50	799,47	-0,06	11	948	757.894,66
9.10.2006	799,98	799,98	788,10	797,00	796,89	-0,37	19	516	411.196,99
6.10.2006	799,55	799,94	796,00	799,94	799,66	0,75	18	492	393.432,98
5.10.2006	788,50	795,00	788,50	793,99	790,26	1,65	15	607	479.689,30
4.10.2006	790,00	790,00	781,12	781,13	785,81	-1,12	10	399	313.537,36
3.10.2006	790,00	790,00	787,00	790,00	789,40	0,00	17	609	480.744,33
2.10.2006	795,00	795,00	790,00	790,00	792,68	-0,50	9	224	177.560,00
29.9.2006	800,00	800,00	794,00	794,00	798,08	-0,13	7	83	66.240,66
28.9.2006	794,98	795,00	794,00	795,00	794,98	0,00	22	1.927	1.531.932,20
27.9.2006	795,00	795,00	790,00	795,00	792,65	0,00	14	311	246.513,31
26.9.2006	794,99	795,00	791,12	795,00	793,25	0,00	21	1.153	914.611,68
25.9.2006	795,00	795,00	790,00	794,99	793,92	0,00	9	166	131.790,85
22.9.2006	800,00	800,00	790,00	795,00	795,17	0,63	17	635	504.935,26
21.9.2006	795,00	800,00	785,00	790,00	791,35	0,00	82	11.353	8.984.236,51
20.9.2006	810,00	810,00	760,00	790,00	784,87	-2,95	48	3.099	2.432.296,94
19.9.2006	821,00	822,00	814,00	814,00	817,58	-0,85	32	2.948	2.410.224,75
18.9.2006	814,00	822,00	810,11	821,00	818,36	0,74	22	5.289	4.328.331,97
15.9.2006	824,98	824,98	813,00	815,00	816,20	-1,21	37	3.730	3.044.422,89
14.9.2006	825,00	825,00	820,67	824,98	823,85	0,12	23	887	730.751,40
13.9.2006	825,00	825,00	820,00	824,00	823,09	0,49	17	1.015	835.431,48
12.9.2006	825,00	825,00	820,00	820,00	821,00	0,00	34	1.248	1.024.608,33
11.9.2006	827,00	827,00	819,00	820,00	820,73	-0,85	49	2.377	1.950.866,90
8.9.2006	830,00	830,02	827,00	827,00	829,97	0,36	16	316	262.271,62
7.9.2006	835,00	836,00	824,00	824,00	829,87	-1,32	23	657	545.225,23
6.9.2006	825,00	838,00	823,05	835,00	829,76	1,83	27	3.494	2.899.186,61
5.9.2006	819,00	820,00	818,88	820,00	819,40	0,12	21	779	638.315,62
4.9.2006	819,00	819,00	810,20	819,00	813,64	1,11	14	415	337.662,24
1.9.2006	810,00	829,98	810,00	810,04	810,78	0,50	31	5.434	4.405.777,05
31.8.2006	810,01	815,00	805,00	806,00	807,40	-1,71	22	2.640	2.131.545,07
30.8.2006	825,00	825,00	806,00	820,00	817,03	0,00	23	1.751	1.430.626,50
29.8.2006	829,00	839,00	813,00	820,00	825,30	2,24	17	961	793.111,60
28.8.2006	821,08	821,12	802,00	802,00	811,10	-2,31	12	246	199.531,52
25.8.2006	798,50	850,00	798,00	821,00	818,89	2,75	28	980	802.516,17
24.8.2006	760,01	800,00	750,03	799,00	777,96	5,13	29	1.157	900.098,54
23.8.2006	759,99	762,01	756,00	760,00	761,10	0,53	10	481	366.088,10
22.8.2006	774,98	774,98	750,02	756,00	756,12	-3,08	8	203	153.493,00
21.8.2006	735,50	779,99	735,50	779,99	750,05	4,00	8	690	517.531,19
18.8.2006	740,00	750,00	730,00	750,00	741,24	2,74	22	1.989	1.474.318,67
17.8.2006	740,00	740,00	730,00	730,00	730,86	-1,35	14	7.400	5.408.390,20
16.8.2006	737,01	740,00	735,00	740,00	737,65	0,00	14	1.214	895.510,50
14.8.2006	742,00	742,00	739,00	740,00	739,76	0,00	6	596	440.896,03
11.8.2006	735,06	741,00	735,00	740,01	739,47	0,00	20	1.770	1.308.861,17
10.8.2006	740,00	747,99	740,00	740,00	740,66	0,00	15	1.002	742.141,31
9.8.2006	735,00	750,00	734,90	740,00	738,43	0,68	34	3.739	2.761.008,05
8.8.2006	721,00	735,00	721,00	735,00	730,42	1,94	24	2.358	1.722.334,00
7.8.2006	725,00	740,00	721,00	721,00	729,80	0,14	14	889	648.793,56
4.8.2006	720,00	725,00	720,00	720,00	721,14	2,13	8	1.400	1.009.602,00
3.8.2006	701,00	720,00	700,00	705,00	712,02	-1,95	9	850	605.213,27
2.8.2006	690,03	719,00	690,00	719,00	703,89	2,71	8	578	406.845,90
1.8.2006	700,00	730,00	690,00	700,00	702,92	1,45	23	950	667.775,25
31.7.2006	680,00	690,00	680,00	690,00	687,30	-2,40	19	609	418.565,70
28.7.2006	680,00	706,96	680,00	706,96	696,02	2,46	29	5.232	3.641.566,59
27.7.2006	698,50	699,00	690,00	690,00	697,40	-1,29	13	338	235.721,45
26.7.2006	670,00	699,00	670,00	699,00	680,91	5,10	19	1.170	796.665,58
25.7.2006	673,00	675,00	665,10	665,10	670,64	-0,73	20	1.016	681.366,73
24.7.2006	670,11	675,00	670,00	670,00	670,61	-0,74	10	220	147.533,30
21.7.2006	675,00	680,00	675,00	675,00	675,03	0,30	15	3.418	2.307.246,80
20.7.2006	680,00	680,00	673,00	673,00	676,29	-1,75	15	626	423.358,44
19.7.2006	688,00	688,00	680,00	685,00	682,10	0,59	14	892	608.434,64
18.7.2006	691,02	691,02	681,00	681,00	685,54	-2,43	24	887	608.073,73
17.7.2006	691,00	699,00	691,00	697,99	697,14	1,01	12	478	333.231,10
14.7.2006	681,00	691,00	676,56	691,00	685,22	1,62	30	1.270	870.231,52
13.7.2006	684,99	685,00	680,00	680,00	682,12	-0,73	8	580	395.627,60
12.7.2006	676,00	689,99	676,00	685,00	685,02	-0,43	12	302	206.877,45
11.7.2006	681,00	689,99	670,00	687,99	679,72	1,18	17	1.001	680.396,80
10.7.2006	682,00	689,99	679,99	680,00	680,30	-0,29	23	1.451	987.114,06
7.7.2006	660,00	682,00	660,00	682,00	665,95	3,33	11	373	248.400,00
6.7.2006	640,00	660,00	640,00	660,00	653,84	3,13	40	7.273	4.755.365,55
5.7.2006	635,00	640,00	635,00	640,00	637,74	0,79	13	3.275	2.088.583,25
4.7.2006	644,00	645,00	635,00	635,00	637,29	-0,78	7	374	238.347,00
3.7.2006	649,99	650,00	640,00	640,00	644,98	-1,23	13	600	386.988,12
30.6.2006	648,00	654,99	647,99	648,00	650,43	-0,15	24	1.256	816.943,44
29.6.2006	625,00	648,97	625,00	648,97	634,70	3,26	32	3.949	2.506.419,69
28.6.2006	619,99	628,49	619,99	628,49	624,04	1,38	18	3.561	2.222.217,29
27.6.2006	610,00	619,96	610,00	619,96	616,60	2,30	13	809	498.825,54
26.6.2006	600,02	606,00	600,02	606,00	605,00	1,00	4	200	121.000,60
23.6.2006	600,00	600,00	600,00	600,00	600,00	0,00	1	20	12.000,00
21.6.2006	600,01	605,00	600,00	600,00	600,69	-0,83	8	262	157.379,93
20.6.2006	605,00	605,00	605,00	605,00	605,00	0,83	3	60	36.300,00
19.6.2006	600,01	600,01	599,00	600,00	599,70	-1,64	5	248	148.725,50
16.6.2006	610,00	610,00	610,00	610,00	610,00	0,00	3	1.000	610.000,00
14.6.2006	605,00	610,00	600,00	610,00	603,93	0,83	19	1.671	1.009.168,40
13.6.2006	609,99	609,99	605,00	605,00	607,70	0,00	2	87	52.869,53
12.6.2006	610,00	610,00	605,00	605,00	606,75	-0,82	3	57	34.585,00
9.6.2006	610,00	610,00	610,00	610,00	610,00	-0,81	10	629	383.690,00
8.6.2006	615,00	615,00	602,05	615,00	605,46	-0,49	16	3.967	2.401.865,18
7.6.2006	629,99	629,99	610,00	618,00	615,03	-1,12	11	1.311	806.303,54
6.6.2006	602,00	625,00	600,00	625,00	614,59	2,46	18	1.314	807.572,29
5.6.2006	607,99	610,00	607,99	610,00	609,59	0,33	8	269	163.980,64
2.6.2006	602,00	608,00	602,00	608,00	605,92	1,33	4	49	29.690,00
1.6.2006	595,00	600,00	595,00	600,00	596,90	0,00	2	21	12.535,00
31.5.2006	600,00	600,00	591,02	600,00	598,32	0,00	9	802	479.852,78
30.5.2006	590,05	600,00	590,05	600,00	598,83	1,68	7	559	334.745,70
29.5.2006	599,00	599,00	590,07	590,07	595,00	-1,66	6	3.001	1.785.602,47
26.5.2006	599,99	600,00	599,99	600,00	600,00	0,85	4	536	321.598,56
25.5.2006	586,00	594,92	585,00	594,92	592,72	1,52	5	162	96.020,16
24.5.2006	600,00	600,00	586,01	586,01	590,61	-2,33	9	299	176.593,52
23.5.2006	600,03	608,00	600,00	600,00	600,25	-1,15	11	555	333.140,69
22.5.2006	600,00	608,00	600,00	607,00	604,02	1,17	16	412	248.857,00
19.5.2006	600,00	605,00	600,00	600,00	600,62	0,00	12	2.221	1.333.982,22
18.5.2006	600,01	600,01	595,01	600,00	598,91	0,00	9	789	472.537,22
17.5.2006	600,00	608,98	595,00	600,00	600,63	0,00	30	2.235	1.342.413,26
16.5.2006	619,00	619,00	599,99	600,00	601,21	-3,23	32	2.107	1.266.739,77
15.5.2006	647,00	647,00	610,00	620,00	626,98	-3,88	24	737	462.082,00
12.5.2006	645,00	645,00	644,90	645,00	645,00	0,00	5	2.420	1.560.893,90
11.5.2006	642,00	648,99	625,02	645,00	637,06	0,78	12	345	219.784,51
10.5.2006	650,01	650,01	625,01	640,00	640,97	-2,59	13	470	301.254,45
9.5.2006	650,00	659,98	650,00	657,00	657,15	1,08	12	452	297.030,54
8.5.2006	645,01	650,00	645,00	650,00	646,90	0,00	4	113	73.100,15
5.5.2006	670,00	670,00	640,03	650,00	644,51	-2,26	20	1.724	1.111.130,55
4.5.2006	665,00	674,00	665,00	665,00	666,99	0,76	8	264	176.085,00
3.5.2006	649,99	660,00	649,99	660,00	656,68	2,33	22	1.700	1.116.355,13
2.5.2006	640,10	645,00	640,01	645,00	642,07	0,00	15	603	387.169,04
28.4.2006	655,00	659,00	645,00	645,00	647,77	-2,27	15	642	415.867,06
27.4.2006	661,00	661,00	660,00	660,00	660,04	-0,72	3	327	215.834,00
26.4.2006	680,00	683,99	660,00	664,80	668,09	-2,24	32	1.187	793.023,10
25.4.2006	640,00	680,00	640,00	680,00	654,70	6,25	41	3.368	2.205.041,64
24.4.2006	634,00	646,87	630,00	640,00	635,09	5,79	29	1.410	895.474,54
21.4.2006	590,00	607,00	590,00	605,00	598,09	2,54	22	3.731	2.231.482,00
20.4.2006	580,00	600,00	575,00	590,00	589,39	1,72	32	2.025	1.193.514,12
19.4.2006	551,01	580,00	551,01	580,00	568,05	4,50	12	1.822	1.034.986,50
18.4.2006	552,00	565,00	550,00	555,00	555,37	0,73	10	364	202.154,00
13.4.2006	545,02	551,00	545,01	551,00	546,62	0,18	5	174	95.111,76
12.4.2006	545,01	550,00	545,00	550,00	547,81	0,92	11	577	316.087,34
11.4.2006	544,00	545,01	538,00	545,01	542,44	1,46	11	362	196.363,23
10.4.2006	545,00	545,00	537,10	537,18	542,97	-1,43	9	215	116.737,68
7.4.2006	550,00	550,00	545,00	545,00	546,18	-2,33	17	909	496.480,00
6.4.2006	535,01	560,00	535,01	557,98	547,29	3,33	10	592	323.996,30
5.4.2006	528,10	540,00	528,00	540,00	535,22	2,08	32	4.578	2.450.230,60
4.4.2006	530,00	539,99	528,00	529,00	533,26	-1,12	9	670	357.281,54
3.4.2006	540,00	540,00	530,00	535,00	534,80	-1,47	8	659	352.435,00
31.3.2006	544,00	544,00	535,12	543,00	539,81	-0,18	17	561	302.832,48
30.3.2006	540,00	548,99	539,99	544,00	541,06	1,68	15	1.556	841.884,48
29.3.2006	530,03	540,00	526,00	535,00	531,14	0,00	24	2.561	1.360.239,98
28.3.2006	539,97	539,97	534,00	535,00	536,06	-0,93	6	192	102.923,14
27.3.2006	520,00	540,00	520,00	540,00	527,66	3,65	21	2.589	1.366.113,55
24.3.2006	519,00	521,00	519,00	521,00	520,48	1,16	7	1.011	526.208,50
23.3.2006	506,00	516,00	505,00	515,01	514,42	1,98	7	1.566	805.588,42
22.3.2006	515,00	520,00	505,00	505,00	514,79	-0,98	13	582	299.609,38
21.3.2006	515,00	515,00	509,22	510,00	511,18	-0,97	6	289	147.729,81
20.3.2006	512,00	515,00	508,00	515,00	513,28	0,00	6	323	165.791,00
17.3.2006	501,20	515,00	501,20	515,00	513,00	2,79	25	5.794	2.972.338,56
16.3.2006	500,00	505,00	500,00	501,00	501,33	-0,79	7	607	304.306,00
15.3.2006	486,51	505,00	486,51	505,00	496,53	1,41	16	4.673	2.320.272,39
14.3.2006	500,00	500,00	490,00	498,00	493,81	0,10	22	2.375	1.172.809,66
13.3.2006	500,00	505,00	497,50	497,50	500,07	-0,50	6	554	277.037,50
10.3.2006	500,00	500,00	498,00	500,00	499,94	0,00	18	2.429	1.214.365,15
9.3.2006	497,00	501,00	496,03	500,00	499,87	0,00	16	1.111	555.359,54
8.3.2006	515,00	515,00	500,00	500,00	500,60	-0,20	20	2.780	1.391.674,60
7.3.2006	532,90	532,90	501,02	501,02	511,74	-6,33	47	5.547	2.838.599,95
6.3.2006	510,00	540,00	510,00	534,90	518,30	4,88	28	5.594	2.899.379,96
3.3.2006	500,66	515,00	500,00	510,00	511,08	0,00	19	1.607	821.309,06
2.3.2006	490,00	510,00	490,00	510,00	499,31	4,08	38	5.154	2.573.442,92
1.3.2006	484,00	490,00	480,00	490,00	483,24	1,66	29	2.075	1.002.727,43
28.2.2006	479,90	485,00	479,90	482,00	480,28	0,44	20	4.316	2.072.894,70
27.2.2006	476,00	479,90	465,00	479,90	471,37	1,03	26	6.546	3.085.565,99
24.2.2006	471,00	478,00	471,00	475,00	474,16	0,00	14	1.013	480.323,14
23.2.2006	465,00	478,00	465,00	475,00	470,32	2,81	21	3.714	1.746.756,34
22.2.2006	460,10	462,00	460,00	462,00	460,35	0,43	11	794	365.515,23
21.2.2006	450,00	470,00	449,99	460,00	459,32	2,22	67	12.238	5.621.141,56
20.2.2006	449,99	450,00	449,48	450,00	449,83	0,22	5	676	304.081,84
17.2.2006	455,01	457,90	449,00	449,00	451,52	-1,96	17	885	399.598,34
16.2.2006	452,00	457,99	451,50	457,99	454,13	0,44	12	2.645	1.201.180,44
15.2.2006	450,00	457,49	450,00	456,00	454,21	2,01	14	1.578	716.744,50
14.2.2006	448,01	451,00	445,06	447,01	449,04	-0,41	21	2.150	965.436,73
13.2.2006	452,00	458,90	448,44	448,84	452,26	-0,26	23	1.490	673.871,60
10.2.2006	454,50	455,00	446,10	450,00	450,60	-1,08	20	1.953	880.016,60
9.2.2006	440,00	454,90	438,03	454,90	448,53	3,38	22	2.863	1.284.142,44
8.2.2006	442,00	442,35	440,00	440,01	441,70	-1,65	27	1.845	814.932,07
7.2.2006	453,00	453,00	440,00	447,40	443,70	-0,58	11	801	355.407,70
6.2.2006	451,00	451,43	449,98	450,00	450,16	-0,99	17	442	198.970,57
3.2.2006	454,99	454,99	446,00	454,50	451,69	-0,11	10	868	392.065,78
2.2.2006	451,00	457,99	451,00	455,00	456,44	0,00	14	494	225.481,46
1.2.2006	450,00	459,00	450,00	454,99	455,51	1,11	17	1.636	745.215,25
31.1.2006	442,99	452,00	442,99	450,00	448,51	2,02	30	4.435	1.989.142,32
30.1.2006	437,00	442,99	437,00	441,10	439,67	1,40	31	3.208	1.410.450,41
27.1.2006	434,99	437,00	434,99	435,00	435,19	2,32	11	913	397.330,60
26.1.2006	435,01	436,00	422,99	425,12	433,17	-2,27	29	3.647	1.579.787,23
25.1.2006	434,01	437,00	434,00	435,00	435,16	-0,91	10	298	129.677,20
24.1.2006	440,00	440,10	431,00	439,00	437,52	-0,23	23	989	432.705,30
23.1.2006	432,00	444,00	431,00	440,00	437,42	2,33	54	2.237	978.515,87
20.1.2006	432,01	432,10	428,04	430,00	430,11	-0,46	27	2.291	985.375,40
19.1.2006	434,00	434,00	428,99	432,00	431,15	-0,46	22	1.228	529.450,87
18.1.2006	428,00	437,00	428,00	434,00	431,41	2,12	28	1.480	638.489,21
17.1.2006	412,00	425,00	412,00	425,00	419,77	3,41	32	2.500	1.049.424,85
16.1.2006	411,00	411,00	410,00	411,00	410,62	0,00	9	953	391.318,20
13.1.2006	410,00	411,00	410,00	411,00	410,77	0,74	6	221	90.780,00
12.1.2006	404,00	408,00	404,00	408,00	405,56	0,74	5	527	213.731,00
11.1.2006	407,00	407,00	405,00	405,00	406,53	-0,49	7	116	47.158,00
10.1.2006	405,00	407,00	404,99	407,00	405,43	1,03	7	189	76.626,60
9.1.2006	400,00	402,85	399,00	402,85	400,64	0,71	5	188	75.320,65
5.1.2006	400,00	400,00	400,00	400,00	400,00	0,00	4	201	80.400,00
4.1.2006	400,00	403,00	400,00	400,00	401,31	0,00	4	113	45.347,48
3.1.2006	400,00	404,00	397,00	400,00	398,57	0,00	14	391	155.841,10
2.1.2006	406,00	406,00	400,00	400,00	405,04	-1,48	3	393	159.180,00
30.12.2005	405,00	406,00	400,00	406,00	401,88	0,25	10	931	374.147,25
29.12.2005	400,00	405,00	400,00	405,00	402,49	1,25	9	1.110	446.763,69
28.12.2005	395,00	403,00	395,00	400,00	399,55	1,27	16	7.280	2.908.707,33
27.12.2005	395,06	397,00	395,00	395,00	395,24	-0,02	11	494	195.248,84
23.12.2005	393,00	398,00	393,00	395,06	395,87	1,56	10	517	204.664,88
22.12.2005	390,00	392,99	389,00	389,00	389,59	-0,26	9	277	107.915,88
21.12.2005	390,01	390,01	390,00	390,00	390,00	-0,26	2	30	11.700,10
20.12.2005	391,00	394,00	391,00	391,00	391,47	1,28	11	446	174.594,27
19.12.2005	388,00	391,00	386,06	386,06	388,17	-1,01	9	572	222.034,15
16.12.2005	390,00	390,00	390,00	390,00	390,00	-1,02	1	20	7.800,00
15.12.2005	395,00	397,00	394,01	394,01	395,55	-0,25	7	355	140.421,85
14.12.2005	395,01	395,20	395,00	395,00	395,08	0,00	6	472	186.480,00
13.12.2005	397,00	397,00	395,00	395,00	396,00	-1,00	4	200	79.200,00
12.12.2005	395,00	398,98	392,51	398,98	395,82	1,78	6	162	64.122,66
9.12.2005	393,00	395,99	392,00	392,00	394,06	-0,51	15	777	306.184,00
8.12.2005	395,00	397,89	391,00	394,00	394,90	-0,25	7	238	93.986,70
7.12.2005	398,50	400,00	395,00	395,00	398,13	-1,25	18	851	338.809,59
6.12.2005	402,00	402,00	400,00	400,00	400,33	0,00	3	110	44.036,00
5.12.2005	400,00	400,00	398,11	400,00	399,84	0,00	9	696	278.286,60
2.12.2005	404,00	404,00	400,00	400,00	401,14	-1,23	12	959	384.694,69
1.12.2005	404,99	405,01	403,01	405,00	404,42	1,00	14	443	179.158,79
30.11.2005	401,00	405,00	401,00	401,00	403,24	0,25	4	102	41.130,00
29.11.2005	400,01	400,01	400,00	400,00	400,01	-1,23	2	34	13.600,20
28.11.2005	398,00	405,00	398,00	405,00	403,23	1,76	12	1.157	466.542,54
25.11.2005	402,00	403,00	398,00	398,00	400,07	-0,75	8	964	385.668,97
24.11.2005	401,00	401,00	401,00	401,00	401,00	1,01	7	75	30.075,00
23.11.2005	401,01	401,01	397,00	397,00	399,70	-2,22	10	777	310.566,33
22.11.2005	388,00	406,00	388,00	406,00	397,67	6,01	13	618	245.759,96
21.11.2005	384,00	384,00	382,99	383,00	383,22	-1,79	5	175	67.062,73
18.11.2005	381,00	389,99	375,00	389,99	377,98	2,63	10	350	132.292,54
17.11.2005	390,01	390,01	380,00	380,00	387,38	-2,56	11	302	116.988,80
16.11.2005	400,31	400,31	390,00	390,00	397,01	-2,74	11	1.190	472.436,05
15.11.2005	403,50	404,50	400,30	401,00	401,79	-0,26	13	358	143.840,82
14.11.2005	406,00	406,00	402,03	402,03	404,02	-0,12	10	899	363.210,90
11.11.2005	402,51	402,52	402,51	402,51	402,51	-0,86	4	110	44.276,40
10.11.2005	410,00	410,00	402,50	406,00	404,28	-0,49	14	441	178.289,10
9.11.2005	412,00	414,00	408,00	408,00	412,03	0,74	5	155	63.864,00
8.11.2005	402,02	410,00	402,02	405,00	406,06	0,74	19	1.311	532.344,52
7.11.2005	408,00	408,00	402,01	402,01	406,91	-1,71	15	589	239.668,35
4.11.2005	410,00	410,00	408,00	409,00	408,66	-0,73	10	493	201.467,60
3.11.2005	410,00	412,00	410,00	412,00	410,85	0,00	10	608	249.799,75
2.11.2005	410,00	412,00	410,00	412,00	410,29	0,49	4	175	71.800,00
31.10.2005	408,02	415,00	408,02	410,00	408,71	0,00	3	165	67.437,40
28.10.2005	410,00	410,00	410,00	410,00	410,00	0,00	10	584	239.440,00
27.10.2005	412,00	415,00	410,00	410,00	411,36	-1,20	7	203	83.506,40
26.10.2005	415,00	415,00	413,00	415,00	414,08	0,00	9	762	315.532,20
25.10.2005	421,00	425,00	415,00	415,00	420,03	-1,19	9	261	109.627,73
24.10.2005	419,99	420,01	419,99	420,01	420,00	0,00	5	1.183	496.858,44
21.10.2005	420,00	420,00	411,00	420,00	415,55	0,00	8	460	191.151,60
20.10.2005	417,00	420,01	411,00	420,01	414,47	0,00	8	311	128.900,57
19.10.2005	422,00	422,00	420,00	420,00	420,37	-0,24	14	394	165.625,30
18.10.2005	420,00	421,01	420,00	421,01	420,07	0,24	2	164	68.892,12
17.10.2005	411,00	420,00	410,00	420,00	416,31	3,70	14	1.506	626.959,73
14.10.2005	411,00	411,00	405,00	405,02	406,49	-1,69	19	1.076	437.386,36
13.10.2005	425,10	425,10	412,00	412,00	422,30	-3,29	7	661	279.140,00
12.10.2005	434,00	434,00	426,01	426,01	428,85	-0,93	8	481	206.275,54
11.10.2005	439,00	439,00	428,00	430,00	434,74	-2,05	14	5.300	2.304.115,68
10.10.2005	440,00	445,00	439,00	439,00	440,91	-0,23	15	540	238.092,03
7.10.2005	436,00	440,00	436,00	440,00	438,64	2,33	4	185	81.148,00
6.10.2005	448,00	449,00	430,00	430,00	441,40	-4,23	22	626	276.316,59
5.10.2005	437,01	450,00	437,00	449,00	442,14	2,87	36	3.430	1.516.531,70
4.10.2005	420,00	437,72	420,00	436,49	430,03	6,46	36	2.757	1.185.579,28
3.10.2005	420,50	420,50	410,00	410,00	412,12	-4,20	16	944	389.038,21
30.9.2005	405,00	427,99	405,00	427,99	420,32	1,90	9	300	126.095,00
29.9.2005	409,00	420,00	408,00	420,00	418,05	4,97	29	8.703	3.638.291,94
28.9.2005	414,99	417,00	400,11	400,11	408,88	-2,41	29	1.747	714.313,46
27.9.2005	405,00	413,00	405,00	410,00	410,23	2,50	23	1.183	485.302,58
26.9.2005	405,00	410,00	400,00	400,00	408,22	-1,23	17	2.208	901.359,27
23.9.2005	400,00	405,00	400,00	405,00	403,15	1,25	11	825	332.600,91
22.9.2005	400,00	404,99	395,00	400,00	399,14	0,00	25	3.243	1.294.419,41
21.9.2005	395,00	400,00	394,98	400,00	399,17	1,75	24	5.097	2.034.569,58
20.9.2005	393,90	396,50	390,00	393,11	394,55	-0,20	12	386	152.295,38
19.9.2005	385,05	395,00	385,00	393,90	393,66	1,00	19	4.384	1.725.804,22
16.9.2005	389,99	390,00	389,99	389,99	389,99	0,00	4	110	42.898,92
15.9.2005	385,00	390,00	385,00	390,00	389,83	1,30	14	3.064	1.194.448,09
14.9.2005	390,00	390,00	385,00	385,00	389,22	0,26	13	2.377	925.182,61
13.9.2005	391,00	391,00	382,00	384,00	387,49	0,26	12	284	110.047,45
12.9.2005	378,00	390,00	378,00	383,00	383,84	2,13	11	616	236.443,50
9.9.2005	374,99	375,00	373,00	375,00	374,55	0,81	6	521	195.141,14
8.9.2005	367,00	373,00	367,00	372,00	370,70	1,91	8	391	144.945,00
7.9.2005	365,01	366,00	365,01	365,02	365,38	-0,81	8	355	129.709,86
6.9.2005	365,01	368,00	361,10	368,00	364,89	0,00	15	5.693	2.077.305,62
5.9.2005	375,00	375,00	368,00	368,00	373,46	-1,60	9	352	131.458,00
2.9.2005	383,20	383,20	365,00	374,00	375,22	-2,86	34	1.912	717.422,10
1.9.2005	385,02	385,02	385,01	385,01	385,01	-2,53	3	411	158.240,91
31.8.2005	398,50	398,66	395,00	395,00	395,85	-0,92	23	1.011	400.199,38
30.8.2005	384,00	398,66	384,00	398,66	386,93	3,55	31	1.951	754.900,33
29.8.2005	373,99	385,00	373,99	385,00	376,27	2,94	24	2.403	904.167,93
26.8.2005	369,00	373,99	367,00	373,99	369,27	1,35	19	3.331	1.230.053,12
25.8.2005	366,02	370,00	366,00	369,00	367,92	0,82	17	1.456	535.696,86
24.8.2005	366,00	369,98	366,00	366,00	366,56	0,27	13	720	263.925,95
23.8.2005	366,00	366,00	360,00	365,00	364,46	0,00	15	1.430	521.182,59
22.8.2005	365,00	370,00	365,00	365,00	367,58	0,00	5	217	79.764,55
19.8.2005	370,00	370,01	365,01	365,01	369,75	-1,35	16	1.053	389.344,47
18.8.2005	374,97	375,00	370,00	370,00	370,95	-1,33	17	1.138	422.137,66
17.8.2005	374,99	374,99	374,97	374,97	374,97	1,34	6	396	148.488,64
16.8.2005	363,50	375,00	363,00	370,00	369,75	1,09	20	1.196	442.215,04
12.8.2005	367,89	368,99	363,00	366,00	365,12	-0,54	12	2.534	925.209,20
11.8.2005	359,99	370,00	354,00	368,00	361,56	4,25	21	1.664	601.641,70
10.8.2005	345,00	360,00	345,00	353,00	355,86	2,32	21	2.697	959.746,66
9.8.2005	360,00	360,00	335,00	345,00	350,55	-1,43	9	487	170.719,00
8.8.2005	360,00	368,01	350,00	350,00	356,46	-2,78	18	620	221.004,63
4.8.2005	338,00	365,00	335,50	360,00	342,51	9,09	45	8.585	2.940.443,68
3.8.2005	327,21	331,00	327,21	330,00	330,03	1,33	6	6.148	2.029.006,30
2.8.2005	335,00	339,00	325,68	325,68	336,07	-1,46	14	1.213	407.649,46
1.8.2005	330,00	330,50	330,00	330,50	330,48	1,69	3	1.255	414.750,00
28.7.2005	325,00	325,00	322,10	325,00	324,66	1,40	9	667	216.546,51
26.7.2005	325,00	325,00	320,51	320,51	322,33	-2,88	3	100	32.232,65
22.7.2005	329,00	330,00	325,00	330,00	326,63	0,00	13	1.523	497.450,42
21.7.2005	329,00	330,00	328,98	330,00	329,81	1,54	16	1.268	418.197,52
20.7.2005	325,00	325,00	325,00	325,00	325,00	1,56	3	200	65.000,00
19.7.2005	320,01	320,01	320,01	320,01	320,01	0,00	1	70	22.400,70
18.7.2005	321,00	321,50	320,00	320,00	320,94	0,00	7	903	289.807,85
15.7.2005	320,00	323,00	320,00	320,01	320,10	0,00	9	1.017	325.545,50
14.7.2005	323,03	323,03	320,00	320,00	320,64	-0,04	16	1.244	398.880,79
13.7.2005	323,00	325,00	320,10	320,12	322,85	-0,89	8	1.533	494.934,90
12.7.2005	320,00	323,00	320,00	323,00	322,97	1,57	4	199	64.270,54
11.7.2005	318,00	320,00	318,00	318,00	318,33	-0,63	4	138	43.930,00
8.7.2005	320,00	320,00	318,00	320,00	319,96	0,00	4	185	59.192,00
7.7.2005	328,00	328,00	320,00	320,00	323,13	-3,02	12	1.070	345.751,68
6.7.2005	329,99	329,99	329,98	329,98	329,99	-0,01	3	187	61.707,76
5.7.2005	330,00	330,00	330,00	330,00	330,00	0,92	8	1.292	426.360,00
4.7.2005	323,10	327,00	323,10	327,00	326,65	1,38	3	565	184.560,00
1.7.2005	322,60	322,60	322,55	322,55	322,59	-2,26	3	300	96.775,50
30.6.2005	330,00	330,00	322,00	330,00	329,76	2,17	6	8.227	2.712.951,00
29.6.2005	320,00	323,00	320,00	323,00	322,96	0,93	3	3.645	1.177.200,00
28.6.2005	320,01	320,01	320,01	320,01	320,01	0,00	1	50	16.000,50
27.6.2005	322,00	322,00	320,00	320,00	320,39	1,57	3	510	163.400,00
24.6.2005	320,00	320,00	315,05	315,05	318,54	0,65	5	363	115.631,35
23.6.2005	325,02	325,02	313,03	313,03	324,17	-3,98	4	200	64.834,63
21.6.2005	334,86	335,00	326,00	326,00	331,93	-2,40	12	356	118.166,78
20.6.2005	339,00	339,00	334,00	334,00	336,69	2,13	3	104	35.016,00
17.6.2005	335,00	335,00	327,02	327,02	329,75	-3,81	7	353	116.400,52
16.6.2005	339,00	340,00	338,01	339,99	339,73	3,03	16	1.629	553.422,29
15.6.2005	330,00	343,99	330,00	330,00	338,97	1,23	24	4.829	1.636.893,47
14.6.2005	326,00	326,00	326,00	326,00	326,00	0,00	1	15	4.890,00
10.6.2005	324,99	326,00	324,99	326,00	325,53	0,93	5	274	89.195,38
9.6.2005	315,00	323,00	315,00	323,00	320,34	0,94	7	1.317	421.887,59
8.6.2005	314,00	320,00	314,00	320,00	319,07	1,59	11	1.852	590.920,00
7.6.2005	315,00	315,00	310,03	315,00	313,60	2,54	4	164	51.430,66
6.6.2005	312,00	318,00	307,21	307,21	315,52	-0,90	11	2.431	767.038,40
3.6.2005	310,00	310,00	310,00	310,00	310,00	-1,59	2	150	46.500,00
2.6.2005	313,98	315,00	309,00	315,00	312,73	3,28	12	528	165.121,00
1.6.2005	305,00	305,00	305,00	305,00	305,00	-3,15	2	50	15.250,00
31.5.2005	305,00	314,91	302,12	314,91	304,72	3,25	14	1.440	438.803,26
30.5.2005	305,00	305,01	305,00	305,01	305,00	0,00	2	611	186.355,11
27.5.2005	305,00	305,00	304,99	305,00	305,00	0,57	4	371	113.154,45
25.5.2005	305,00	305,00	303,27	303,27	304,74	0,09	5	671	204.482,40
24.5.2005	305,00	305,00	302,12	303,00	303,25	0,30	7	579	175.583,43
23.5.2005	302,00	304,00	302,00	302,08	302,01	-0,63	4	212	64.026,56
20.5.2005	302,05	304,00	302,00	304,00	302,43	0,00	4	450	136.095,00
19.5.2005	305,01	305,01	304,00	304,00	304,31	-1,94	13	1.432	435.766,68
17.5.2005	311,01	320,00	310,00	310,00	310,78	-0,32	11	599	186.154,50
16.5.2005	311,01	314,99	311,01	311,01	311,16	-0,32	6	434	135.043,62
13.5.2005	315,00	315,00	312,00	312,00	313,57	0,32	6	413	129.505,00
12.5.2005	311,01	311,01	311,01	311,01	311,01	0,33	4	199	61.890,99
11.5.2005	310,00	310,00	310,00	310,00	310,00	0,00	1	35	10.850,00
10.5.2005	305,00	314,50	304,14	310,00	308,48	1,64	19	2.547	785.691,60
9.5.2005	305,00	305,00	305,00	305,00	305,00	-1,61	2	50	15.250,00
6.5.2005	310,00	310,00	310,00	310,00	310,00	2,31	13	1.020	316.200,00
5.5.2005	305,00	305,01	303,01	303,01	303,45	-2,25	6	1.465	444.555,70
3.5.2005	301,00	310,00	280,00	310,00	294,46	3,33	14	2.375	699.331,45
2.5.2005	325,00	325,00	300,00	300,00	304,67	-7,69	18	1.160	353.411,50
29.4.2005	331,01	331,01	325,00	325,00	329,71	-2,41	5	401	132.215,70
28.4.2005	339,98	339,98	333,04	333,04	336,27	-1,48	4	240	80.705,20
27.4.2005	340,00	340,00	338,05	338,05	339,23	-0,87	7	287	97.359,40
26.4.2005	340,00	341,00	340,00	341,00	340,18	0,29	3	110	37.420,00
25.4.2005	342,00	342,01	340,00	340,00	341,06	-2,58	10	684	233.288,29
22.4.2005	341,02	349,00	341,00	349,00	341,91	1,16	6	311	106.332,50
20.4.2005	340,02	350,00	340,02	345,00	347,05	1,47	4	122	42.340,50
19.4.2005	340,00	340,02	340,00	340,01	340,01	0,00	8	253	86.022,61
18.4.2005	340,00	340,00	338,13	340,00	340,00	-1,39	3	1.703	579.014,39
14.4.2005	344,90	344,90	336,13	344,80	337,17	-0,01	6	1.620	546.222,20
13.4.2005	342,00	344,90	340,00	344,85	342,13	-1,44	12	646	221.014,25
12.4.2005	340,50	349,88	340,50	349,88	341,85	2,60	12	2.103	718.900,31
11.4.2005	340,50	341,00	340,00	341,00	340,77	-0,29	6	281	95.755,00
8.4.2005	341,49	342,00	341,49	341,99	341,86	0,03	12	1.982	677.567,12
7.4.2005	341,89	341,89	341,89	341,89	341,89	-0,03	1	58	19.829,62
6.4.2005	342,00	342,00	341,98	341,98	341,99	-0,01	3	76	25.991,14
5.4.2005	349,99	349,99	342,00	342,00	346,07	0,59	2	100	34.607,49
1.4.2005	355,00	355,00	340,00	340,00	341,70	-2,86	6	485	165.725,70
31.3.2005	358,00	358,00	350,00	350,00	355,40	-1,41	10	765	271.878,90
30.3.2005	356,00	359,98	350,01	355,00	355,21	-0,28	8	429	152.387,14
29.3.2005	359,00	359,00	348,07	356,00	356,23	-0,84	13	722	257.199,40
24.3.2005	345,00	369,00	345,00	359,00	353,42	4,36	25	4.254	1.503.455,73
23.3.2005	344,00	345,00	327,01	344,00	338,25	-1,71	12	1.110	375.455,27
22.3.2005	326,01	350,00	326,01	350,00	340,59	4,79	11	1.569	534.387,17
21.3.2005	355,00	355,00	334,00	334,00	344,98	-3,19	8	921	317.728,20
18.3.2005	359,99	359,99	340,00	345,00	349,76	-0,32	19	1.205	421.458,27
17.3.2005	360,00	360,00	346,11	346,11	353,00	-1,67	5	331	116.843,22
16.3.2005	360,00	364,95	349,00	352,00	355,59	-2,24	13	741	263.488,88
15.3.2005	363,00	373,99	360,05	360,05	363,57	-3,85	14	841	305.765,53
14.3.2005	338,00	374,48	338,00	374,48	343,56	-0,14	2	590	202.703,20
11.3.2005	376,01	376,01	375,00	375,00	375,26	-2,58	3	189	70.924,49
10.3.2005	384,00	385,00	380,01	384,95	384,65	-0,01	6	159	61.159,56
9.3.2005	385,00	385,00	385,00	385,00	385,00	0,00	5	383	147.455,00
8.3.2005	389,00	390,00	385,00	385,00	385,37	0,00	4	438	168.791,00
7.3.2005	390,00	390,00	385,00	385,00	389,62	0,00	3	39	15.195,00
4.3.2005	390,00	390,00	385,00	385,00	388,45	0,00	7	338	131.294,92
3.3.2005	390,00	390,00	385,00	385,00	386,41	-1,28	8	505	195.136,70
2.3.2005	386,02	390,00	385,00	390,00	386,19	0,00	11	4.184	1.615.831,28
1.3.2005	395,00	399,99	390,00	390,00	393,06	-1,27	18	1.433	563.250,70
28.2.2005	390,00	395,00	385,05	395,00	389,95	2,60	9	540	210.572,50
25.2.2005	387,00	395,00	380,00	385,00	383,31	-1,28	25	2.026	776.585,45
24.2.2005	395,27	400,00	389,99	390,00	395,03	-3,47	10	981	387.523,16
23.2.2005	405,00	405,00	400,00	404,00	400,83	-0,25	12	572	229.273,25
22.2.2005	417,00	418,00	405,01	405,01	414,65	-3,57	7	216	89.565,01
21.2.2005	400,00	420,00	400,00	420,00	416,24	2,44	14	974	405.420,05
18.2.2005	405,00	410,00	402,00	410,00	404,21	2,50	6	148	59.823,00
17.2.2005	409,99	420,00	399,00	400,00	407,05	0,00	23	1.422	578.830,92
16.2.2005	401,00	403,01	400,00	400,00	401,55	0,00	7	220	88.341,70
15.2.2005	405,00	405,00	400,00	400,00	400,89	0,25	33	1.505	603.344,62
14.2.2005	360,00	399,00	350,00	399,00	372,61	14,00	46	2.827	1.053.365,39
11.2.2005	390,00	390,00	320,00	350,00	325,63	-8,74	27	4.929	1.605.017,43
10.2.2005	400,00	400,00	383,09	383,53	391,52	-4,12	12	480	187.928,29
9.2.2005	401,02	420,00	400,00	400,00	402,86	-2,43	12	527	212.305,65
8.2.2005	411,00	411,00	379,99	409,97	397,81	-2,85	22	1.552	617.401,41
7.2.2005	435,00	440,00	422,00	422,00	429,94	-4,09	19	1.098	472.078,50
4.2.2005	450,00	461,00	430,01	440,00	444,77	-4,34	35	2.304	1.024.743,91
3.2.2005	470,00	470,00	440,01	459,98	457,26	-2,13	40	2.831	1.294.505,08
2.2.2005	470,00	480,01	460,00	470,00	469,41	2,17	74	6.695	3.142.725,77
1.2.2005	447,00	470,00	447,00	460,00	460,20	2,91	28	1.743	802.132,38
31.1.2005	435,00	447,00	435,00	447,00	439,16	9,56	21	2.961	1.300.363,15
28.1.2005	406,01	410,10	400,00	408,00	401,92	1,74	30	6.233	2.505.157,24
27.1.2005	450,00	450,00	380,00	401,03	409,54	-7,81	16	1.377	563.933,06
26.1.2005	475,00	475,00	435,00	435,00	450,34	-8,42	19	1.383	622.820,52
25.1.2005	421,00	475,00	421,00	475,00	448,26	12,83	33	1.798	805.976,00
24.1.2005	407,00	421,00	407,00	421,00	416,90	3,95	17	1.700	708.736,50
21.1.2005	370,00	405,00	370,00	405,00	384,45	9,46	17	2.819	1.083.769,72
20.1.2005	365,00	370,00	364,99	370,00	366,82	2,78	13	1.132	415.237,80
19.1.2005	351,00	370,00	350,00	360,00	352,58	2,86	5	466	164.300,00
18.1.2005	350,00	350,00	350,00	350,00	350,00	16,67	1	50	17.500,00
17.1.2005	289,99	300,00	289,99	300,00	299,36	7,14	17	8.009	2.397.609,80
13.1.2005	271,01	280,00	271,00	280,00	276,02	3,70	3	113	31.190,23
12.1.2005	275,00	280,00	270,00	270,00	278,08	-1,82	7	694	192.985,01
11.1.2005	266,00	275,00	265,00	275,00	273,60	1,85	7	1.154	315.740,00
10.1.2005	262,00	270,00	262,00	270,00	268,92	0,00	2	578	155.436,00
7.1.2005	265,00	270,00	260,00	270,00	267,96	1,89	14	3.039	814.338,90
5.1.2005	262,11	265,00	262,00	265,00	263,55	1,14	4	585	154.176,52
4.1.2005	262,01	262,01	262,01	262,01	262,01	0,77	1	14	3.668,14
31.12.2004	260,02	260,02	260,02	260,02	260,02	-3,69	1	62	16.121,24
30.12.2004	265,00	270,00	265,00	269,99	268,62	8,00	5	293	78.706,59
27.12.2004	260,00	260,00	250,00	250,00	251,63	-7,41	6	717	180.420,20
23.12.2004	270,00	270,00	265,01	270,00	269,72	0,00	3	906	244.370,50
22.12.2004	265,00	270,00	265,00	270,00	266,51	8,00	4	215	57.300,00
21.12.2004	260,00	260,00	250,00	250,00	257,00	-7,41	2	50	12.850,00
20.12.2004	268,90	270,00	268,90	270,00	269,52	14,89	4	227	61.180,00
17.12.2004	262,03	262,03	235,00	235,00	261,56	-10,32	3	57	14.908,68
16.12.2004	270,00	270,00	262,03	262,03	266,08	-2,95	3	293	77.962,32
15.12.2004	275,10	275,10	270,00	270,00	270,37	-1,85	5	256	69.215,30
14.12.2004	275,10	275,10	275,10	275,10	275,10	0,03	1	12	3.301,20
13.12.2004	275,01	275,01	275,01	275,01	275,01	0,00	1	1.890	519.768,90
9.12.2004	271,00	275,00	271,00	275,00	274,99	0,00	4	7.322	2.013.462,00
8.12.2004	270,00	275,00	270,00	275,00	274,59	1,85	4	7.888	2.165.980,00
7.12.2004	272,00	272,00	270,00	270,00	270,75	-0,37	4	608	164.618,00
3.12.2004	271,00	271,00	271,00	271,00	271,00	0,37	1	13	3.523,00
2.12.2004	271,00	271,00	270,00	270,00	270,02	0,00	3	2.260	610.250,00
1.12.2004	270,00	275,00	270,00	270,00	272,04	0,00	5	584	158.870,00
30.11.2004	270,00	270,00	265,00	270,00	269,54	0,00	4	240	64.690,00
29.11.2004	270,00	275,00	270,00	270,00	270,11	0,00	7	1.047	282.805,00
26.11.2004	270,00	270,00	270,00	270,00	270,00	0,00	4	876	236.520,00
24.11.2004	270,00	270,00	265,03	270,00	268,94	1,88	5	1.016	273.246,48
23.11.2004	265,02	265,02	265,02	265,02	265,02	0,77	1	47	12.455,94
22.11.2004	263,00	263,00	263,00	263,00	263,00	-0,75	1	170	44.710,00
19.11.2004	265,00	265,00	265,00	265,00	265,00	1,92	3	510	135.150,00
18.11.2004	260,01	260,01	260,01	260,01	260,01	-1,88	1	37	9.620,37
17.11.2004	265,00	265,00	265,00	265,00	265,00	1,14	4	981	259.965,00
16.11.2004	263,10	263,10	250,00	262,01	260,82	-0,38	4	400	104.327,00
12.11.2004	262,00	265,00	262,00	263,01	264,16	1,16	3	770	203.403,62
11.11.2004	260,00	260,01	260,00	260,00	260,00	0,00	4	342	88.920,20
10.11.2004	260,10	260,10	260,00	260,00	260,01	0,00	6	850	221.009,77
9.11.2004	262,00	265,00	250,01	260,00	259,21	0,00	7	1.780	461.401,60
8.11.2004	260,00	260,00	260,00	260,00	260,00	0,00	3	415	107.900,00
5.11.2004	260,00	264,99	260,00	260,00	260,11	0,00	11	1.986	516.584,91
4.11.2004	260,00	260,00	259,00	260,00	259,99	0,00	8	3.141	816.620,00
3.11.2004	260,00	260,00	260,00	260,00	260,00	0,00	6	7.579	1.970.540,00
2.11.2004	260,00	260,00	260,00	260,00	260,00	4,00	8	1.987	516.620,00
29.10.2004	250,00	250,00	250,00	250,00	250,00	0,00	2	244	61.000,00
28.10.2004	239,99	250,00	239,99	250,00	245,31	4,17	12	2.157	529.129,40
27.10.2004	240,00	244,00	240,00	240,00	240,08	0,00	9	1.294	310.660,00
26.10.2004	241,03	241,03	240,00	240,00	240,57	-0,41	5	260	62.547,90
25.10.2004	241,00	241,00	241,00	241,00	241,00	0,42	1	360	86.760,00
22.10.2004	240,00	240,00	240,00	240,00	240,00	6,19	1	80	19.200,00
21.10.2004	230,00	230,00	226,01	226,01	228,76	-1,73	2	116	26.536,36
20.10.2004	225,00	250,00	225,00	230,00	240,62	-4,17	12	2.271	546.440,64
19.10.2004	261,07	261,07	240,00	240,00	244,38	-11,11	5	1.421	347.258,92
18.10.2004	260,00	270,00	260,00	270,00	268,33	3,85	6	360	96.600,00
15.10.2004	251,01	269,00	251,01	260,00	256,91	4,00	11	1.670	429.040,50
14.10.2004	250,00	250,00	250,00	250,00	250,00	0,00	2	90	22.500,00
13.10.2004	250,00	250,00	250,00	250,00	250,00	0,00	2	309	77.250,00
12.10.2004	238,89	250,00	238,89	250,00	244,19	6,38	13	3.251	793.871,50
11.10.2004	239,00	239,00	235,00	235,00	236,25	1,51	3	96	22.680,00
7.10.2004	231,03	231,55	231,02	231,51	231,21	-3,54	6	324	74.911,22
6.10.2004	243,99	243,99	240,00	240,00	240,60	-0,41	3	466	112.119,30
5.10.2004	240,00	241,00	240,00	241,00	240,15	-3,60	5	698	167.628,00
4.10.2004	230,00	250,00	230,00	250,00	239,56	8,70	7	1.668	399.580,00
1.10.2004	220,00	230,00	220,00	230,00	225,28	4,55	11	1.926	433.885,00
30.9.2004	220,00	220,00	220,00	220,00	220,00	0,00	4	324	71.280,00
29.9.2004	215,00	220,00	215,00	220,00	218,13	1,85	9	1.088	237.327,51
27.9.2004	215,00	217,00	212,00	216,00	213,74	-1,82	5	289	61.772,00
24.9.2004	210,00	220,00	210,00	220,00	218,36	4,76	21	4.310	941.152,50
23.9.2004	200,00	210,00	200,00	210,00	207,71	5,00	7	1.720	357.260,00
22.9.2004	191,50	200,00	190,00	200,00	197,95	5,26	24	5.913	1.170.457,82
21.9.2004	186,50	191,00	186,50	190,00	189,95	0,00	17	2.793	530.531,00
20.9.2004	199,00	199,00	190,00	190,00	191,73	-5,00	16	1.771	339.561,80
17.9.2004	182,00	200,00	182,00	200,00	193,10	11,11	14	3.039	586.836,35
16.9.2004	184,00	185,00	180,00	180,00	181,23	2,86	7	1.794	325.134,50
15.9.2004	175,00	175,00	175,00	175,00	175,00	-2,78	1	50	8.750,00
14.9.2004	175,00	185,00	175,00	180,00	177,32	12,50	10	2.260	400.748,00
13.9.2004	155,01	160,00	155,00	160,00	155,20	0,00	5	290	45.007,99
10.9.2004	159,00	160,00	159,00	160,00	159,06	0,00	2	85	13.520,00
9.9.2004	155,00	160,00	155,00	160,00	157,43	1,91	4	822	129.406,80
7.9.2004	157,00	157,00	157,00	157,00	157,00	0,00	1	150	23.550,00
6.9.2004	155,00	157,00	150,00	157,00	154,84	1,29	4	240	37.160,65
2.9.2004	155,00	155,00	155,00	155,00	155,00	0,00	2	1.624	251.720,00
31.8.2004	155,00	155,00	155,00	155,00	155,00	0,00	1	1.030	159.650,00
30.8.2004	150,00	155,00	150,00	155,00	153,87	3,33	6	789	121.406,00
27.8.2004	150,00	150,00	150,00	150,00	150,00	0,00	1	720	108.000,00
26.8.2004	146,02	150,00	146,00	150,00	148,82	4,17	5	780	116.081,70
23.8.2004	144,11	144,11	144,00	144,00	144,07	-2,04	3	486	70.017,40
20.8.2004	147,00	147,00	147,00	147,00	147,00	0,00	1	70	10.290,00
19.8.2004	147,00	147,00	146,99	147,00	147,00	2,65	4	966	142.000,84
17.8.2004	143,21	143,21	143,21	143,21	143,21	-2,58	1	116	16.612,36
13.8.2004	147,00	147,00	147,00	147,00	147,00	3,10	1	400	58.800,00
12.8.2004	148,00	148,00	142,58	142,58	143,82	-3,01	8	970	139.506,21
11.8.2004	146,00	147,00	146,00	147,00	146,39	3,48	4	1.150	168.350,00
10.8.2004	142,06	142,06	142,05	142,05	142,06	-2,71	2	150	21.308,41
9.8.2004	146,00	146,00	142,05	146,00	144,68	2,82	4	1.023	148.003,15
4.8.2004	142,00	142,00	142,00	142,00	142,00	-2,74	1	50	7.100,00
3.8.2004	144,00	146,00	144,00	146,00	145,12	1,39	5	892	129.448,00
2.8.2004	144,00	144,00	144,00	144,00	144,00	0,00	1	68	9.792,00
30.7.2004	144,00	144,00	144,00	144,00	144,00	1,41	1	110	15.840,00
29.7.2004	142,00	142,00	142,00	142,00	142,00	-3,40	1	234	33.228,00
28.7.2004	148,00	148,00	147,00	147,00	147,44	-3,29	6	793	116.917,64
27.7.2004	145,00	152,00	145,00	152,00	148,75	4,83	5	1.560	232.054,60
26.7.2004	140,00	145,00	140,00	145,00	144,22	3,57	7	1.572	226.710,50
23.7.2004	140,00	140,00	140,00	140,00	140,00	0,00	1	15	2.100,00
22.7.2004	140,00	140,00	140,00	140,00	140,00	0,00	2	85	11.900,00
21.7.2004	140,00	140,00	140,00	140,00	140,00	0,00	2	296	41.440,00
20.7.2004	139,00	140,00	139,00	140,00	139,96	3,70	8	2.129	297.980,00
19.7.2004	135,00	135,00	135,00	135,00	135,00	-3,57	2	432	58.320,00
16.7.2004	140,00	140,00	140,00	140,00	140,00	6,06	1	70	9.800,00
14.7.2004	130,56	132,00	130,56	132,00	130,68	1,40	2	236	30.840,96
8.7.2004	130,22	130,22	130,18	130,18	130,21	0,03	4	486	63.282,85
7.7.2004	130,14	130,14	130,14	130,14	130,14	0,08	1	108	14.055,12
5.7.2004	131,01	131,01	130,04	130,04	130,75	-1,48	3	288	37.656,16
30.6.2004	132,00	132,00	132,00	132,00	132,00	0,00	1	400	52.800,00
29.6.2004	131,10	132,00	130,50	132,00	131,51	-5,71	5	978	128.618,00
17.6.2004	141,00	141,00	140,00	140,00	140,16	-3,45	3	306	42.890,00
16.6.2004	145,00	145,00	145,00	145,00	145,00	3,57	4	1.146	166.170,00
14.6.2004	140,00	140,00	140,00	140,00	140,00	-1,41	6	460	64.400,00
9.6.2004	142,00	142,00	142,00	142,00	142,00	1,43	1	360	51.120,00
7.6.2004	135,01	140,00	135,01	140,00	138,92	3,70	2	460	63.901,00
4.6.2004	135,00	135,00	135,00	135,00	135,00	0,00	1	432	58.320,00
28.5.2004	135,00	135,00	135,00	135,00	135,00	-3,57	4	720	97.200,00
25.5.2004	140,00	140,00	140,00	140,00	140,00	0,00	1	10	1.400,00
20.5.2004	132,01	140,00	131,05	140,00	132,10	0,00	4	170	22.456,75
19.5.2004	140,00	140,00	140,00	140,00	140,00	2,94	1	200	28.000,00
17.5.2004	136,00	136,00	136,00	136,00	136,00	-7,48	1	97	13.192,00
6.5.2004	147,00	147,00	147,00	147,00	147,00	-2,00	1	145	21.315,00
30.4.2004	150,00	150,00	150,00	150,00	150,00	0,00	1	66	9.900,00
29.4.2004	150,00	150,00	150,00	150,00	150,00	0,00	5	425	63.750,00
19.4.2004	146,00	150,00	146,00	150,00	146,45	3,45	2	179	26.214,00
15.4.2004	145,00	145,00	145,00	145,00	145,00	0,00	2	130	18.850,00
14.4.2004	145,00	145,00	145,00	145,00	145,00	0,00	2	230	33.350,00
13.4.2004	145,00	145,00	145,00	145,00	145,00	9,79	2	150	21.750,00
7.4.2004	132,07	132,07	132,07	132,07	132,07	3,89	1	30	3.962,10
5.4.2004	127,13	127,13	127,13	127,13	127,13	-14,96	1	432	54.920,16
2.4.2004	149,50	149,50	149,50	149,50	149,50	-0,30	1	50	7.475,00
29.3.2004	149,94	149,95	149,94	149,95	149,94	3,41	2	140	20.991,67
25.3.2004	145,00	145,00	145,00	145,00	145,00	-3,33	3	180	26.100,00
24.3.2004	149,00	149,99	149,00	149,99	149,20	4,16	2	50	7.459,90
23.3.2004	144,00	144,00	144,00	144,00	144,00	0,00	1	65	9.360,00
22.3.2004	143,91	144,12	143,91	144,00	144,06	-4,00	5	697	100.411,43
19.3.2004	148,00	150,00	143,87	150,00	146,09	1,35	6	728	106.355,40
11.3.2004	148,00	148,00	148,00	148,00	148,00	0,00	1	133	19.684,00
10.3.2004	148,00	148,00	148,00	148,00	148,00	-1,33	1	242	35.816,00
5.3.2004	152,00	152,00	148,00	150,00	150,02	-2,06	6	347	52.056,00
4.3.2004	159,97	159,98	153,13	153,16	154,67	-4,27	6	462	71.458,33
3.3.2004	159,99	159,99	159,99	159,99	159,99	8,10	1	111	17.758,89
2.3.2004	148,00	148,00	148,00	148,00	148,00	-7,50	1	33	4.884,00
24.2.2004	167,63	167,63	160,00	160,00	161,79	-4,61	7	425	68.761,96
19.2.2004	168,50	168,50	167,73	167,73	167,97	-1,34	3	166	27.882,66
16.2.2004	170,00	170,00	170,00	170,00	170,00	0,00	1	80	13.600,00
13.2.2004	170,00	170,00	170,00	170,00	170,00	0,00	4	590	100.300,00
11.2.2004	180,00	180,00	170,00	170,00	171,84	3,03	5	327	56.190,60
2.2.2004	166,00	166,00	165,00	165,00	165,06	2,45	2	180	29.710,00
30.1.2004	161,07	161,07	161,06	161,06	161,07	-2,39	2	68	10.952,74
29.1.2004	165,05	165,05	165,00	165,00	165,01	0,61	4	666	109.897,66
28.1.2004	164,02	164,02	164,00	164,00	164,01	2,50	4	1.552	254.536,72
27.1.2004	160,00	160,00	160,00	160,00	160,00	-0,62	1	32	5.120,00
23.1.2004	160,00	161,00	160,00	161,00	160,57	0,63	2	569	91.364,00
20.1.2004	150,02	160,00	150,02	160,00	154,46	6,67	2	584	90.206,48
16.1.2004	149,00	150,00	149,00	150,00	149,77	1,35	4	442	66.200,00
15.1.2004	148,00	148,00	148,00	148,00	148,00	2,07	1	100	14.800,00
7.1.2004	146,00	146,00	145,00	145,00	145,08	0,00	3	220	31.918,00
22.12.2003	146,00	146,00	145,00	145,00	145,34	9,00	3	360	52.322,00
10.12.2003	133,03	133,03	133,03	133,03	133,03	-7,62	1	1	133,03
1.12.2003	143,99	144,00	143,99	144,00	143,99	6,67	2	68	9.791,50
28.11.2003	135,00	135,00	135,00	135,00	135,00	0,01	1	10	1.350,00
18.11.2003	134,99	134,99	134,99	134,99	134,99	3,84	1	50	6.749,50
14.11.2003	130,00	130,00	130,00	130,00	130,00	0,00	1	30	3.900,00
13.11.2003	130,00	130,00	130,00	130,00	130,00	4,00	1	50	6.500,00
10.11.2003	125,00	125,00	125,00	125,00	125,00	-0,79	2	179	22.375,00
5.11.2003	126,00	126,00	126,00	126,00	126,00	4,97	2	360	45.360,00
30.10.2003	120,03	120,03	120,03	120,03	120,03	-2,41	1	80	9.602,40
27.10.2003	123,01	123,01	123,00	123,00	123,01	-1,60	2	198	24.355,00
24.10.2003	125,00	125,00	125,00	125,00	125,00	0,00	1	200	25.000,00
16.10.2003	125,00	125,00	125,00	125,00	125,00	-2,34	1	180	22.500,00
14.10.2003	128,00	128,00	128,00	128,00	128,00	2,40	1	145	18.560,00
7.10.2003	125,00	125,00	125,00	125,00	125,00	-3,85	5	720	90.000,00
3.10.2003	130,00	130,00	130,00	130,00	130,00	8,33	1	10	1.300,00
30.9.2003	120,00	120,00	120,00	120,00	120,00	6,19	1	100	12.000,00
19.9.2003	113,01	113,01	113,01	113,01	113,01	-1,73	1	232	26.218,32
17.9.2003	115,00	115,00	115,00	115,00	115,00	0,00	2	395	45.425,00
3.9.2003	115,02	115,02	115,00	115,00	115,00	1,77	3	660	75.902,00
2.9.2003	113,00	113,00	113,00	113,00	113,00	2,73	1	360	40.680,00
21.8.2003	110,00	110,00	110,00	110,00	110,00	0,00	1	80	8.800,00
18.8.2003	110,00	110,00	110,00	110,00	110,00	2,80	1	20	2.200,00
11.8.2003	107,00	107,00	107,00	107,00	107,00	0,00	1	414	44.298,00
6.8.2003	107,00	107,00	107,00	107,00	107,00	0,00	1	720	77.040,00
1.8.2003	107,00	107,00	107,00	107,00	107,00	0,00	2	1.440	154.080,00
25.7.2003	107,07	107,07	107,00	107,00	107,05	-0,02	2	558	59.731,20
22.7.2003	107,02	107,02	107,02	107,02	107,02	-2,71	1	160	17.123,20
18.7.2003	110,00	110,00	110,00	110,00	110,00	-0,90	1	280	30.800,00
8.7.2003	110,99	111,00	110,99	111,00	111,00	4,71	2	30	3.329,90
4.7.2003	105,17	110,00	105,07	106,01	106,66	0,91	9	812	86.605,47
27.6.2003	105,06	105,06	105,05	105,05	105,06	-12,46	2	10	1.050,55
23.5.2003	120,00	120,00	120,00	120,00	120,00	7,14	1	10	1.200,00
20.5.2003	112,00	112,00	112,00	112,00	112,00	1,82	1	200	22.400,00
15.5.2003	110,00	110,00	110,00	110,00	110,00	-1,79	1	56	6.160,00
13.5.2003	112,19	112,19	110,00	112,00	110,99	-0,12	6	920	102.111,70
9.5.2003	112,13	112,13	112,13	112,13	112,13	-4,97	1	216	24.220,08
6.5.2003	118,00	118,00	118,00	118,00	118,00	2,61	1	360	42.480,00
28.4.2003	117,00	117,00	115,00	115,00	115,44	-4,17	3	276	31.860,11
14.4.2003	115,00	120,00	115,00	120,00	119,82	7,14	2	4.969	595.380,00
11.4.2003	112,00	112,00	112,00	112,00	112,00	1,80	1	3.131	350.672,00
3.4.2003	110,02	110,02	110,02	110,02	110,02	0,01	2	702	77.234,04
27.3.2003	110,01	110,01	110,01	110,01	110,01	0,01	1	360	39.603,60
26.3.2003	110,01	110,01	110,00	110,00	110,00	-0,02	2	400	44.001,20
18.3.2003	110,02	110,02	110,02	110,02	110,02	0,01	1	234	25.744,68
10.3.2003	110,01	110,01	110,01	110,01	110,01	0,00	1	100	11.001,00
4.3.2003	110,01	110,01	110,01	110,01	110,01	0,01	1	80	8.800,80
28.2.2003	110,06	110,06	110,00	110,00	110,04	0,00	3	720	79.229,25
17.2.2003	111,51	111,51	110,00	110,00	111,17	-1,17	3	200	22.233,05
14.2.2003	111,00	111,30	111,00	111,30	111,06	0,21	2	450	49.977,00
12.2.2003	111,07	111,08	111,07	111,07	111,07	0,47	3	295	32.766,15
7.2.2003	111,00	111,00	110,00	110,55	110,55	-0,41	4	730	80.699,98
6.2.2003	111,01	111,01	111,00	111,00	111,00	0,00	2	300	33.300,50
5.2.2003	111,01	111,01	111,00	111,00	111,01	0,45	3	145	16.096,00
3.2.2003	110,50	110,50	110,50	110,50	110,50	5,24	1	462	51.051,00
19.12.2002	105,00	105,00	105,00	105,00	105,00	0,00	1	150	15.750,00
11.12.2002	105,00	105,00	105,00	105,00	105,00	4,99	1	500	52.500,00
5.12.2002	100,01	100,01	100,01	100,01	100,01	0,01	1	360	36.003,60
26.11.2002	100,00	100,00	100,00	100,00	100,00	0,00	1	400	40.000,00
25.11.2002	100,00	100,00	100,00	100,00	100,00	-3,85	1	522	52.200,00
18.11.2002	104,00	104,00	104,00	104,00	104,00	14,29	1	180	18.720,00
15.11.2002	100,00	100,00	91,00	91,00	94,29	-9,01	2	126	11.880,00
14.11.2002	100,01	100,01	100,01	100,01	100,01	11,12	1	180	18.001,80
8.11.2002	99,00	99,00	90,00	90,00	97,01	-10,00	2	670	64.998,00
7.11.2002	100,00	100,00	100,00	100,00	100,00	0,00	1	50	5.000,00
6.11.2002	100,00	100,00	100,00	100,00	100,00	-3,81	2	54	5.400,00
5.11.2002	103,96	103,96	103,96	103,96	103,96	0,00	1	522	54.267,12
28.10.2002	103,96	103,96	103,96	103,96	103,96	-0,50	1	522	54.267,12
14.10.2002	104,48	104,48	104,48	104,48	104,48	-0,43	1	522	54.538,56
3.10.2002	104,93	104,93	104,93	104,93	104,93	16,59	1	522	54.773,46
2.9.2002	90,00	90,00	90,00	90,00	90,00	-14,29	1	522	46.980,00
22.8.2002	105,00	105,00	105,00	105,00	105,00	0,00	1	91	9.555,00
21.8.2002	105,00	105,00	105,00	105,00	105,00	-7,73	3	600	63.000,00
19.8.2002	113,80	113,80	113,80	113,80	113,80	-0,08	1	250	28.450,00
30.7.2002	114,50	114,50	113,89	113,89	114,16	0,00	2	450	51.372,50
29.7.2002	113,89	113,89	113,89	113,89	113,89	-0,01	1	283	32.230,87
26.7.2002	112,00	113,90	112,00	113,90	113,24	-0,52	2	145	16.420,50
23.7.2002	114,50	114,50	114,50	114,50	114,50	0,47	1	1.000	114.500,00
22.7.2002	113,97	113,97	113,97	113,97	113,97	-0,02	1	500	56.985,00
19.7.2002	114,50	114,50	113,99	113,99	114,33	-0,45	2	1.500	171.495,00
17.7.2002	113,99	114,50	113,99	114,50	114,25	0,44	3	2.000	228.495,00
15.7.2002	113,99	114,00	113,99	114,00	114,00	8,57	3	1.000	113.995,00
12.7.2002	115,00	115,00	105,00	105,00	112,14	0,00	2	700	78.500,00
11.7.2002	105,00	105,00	105,00	105,00	105,00	0,00	1	400	42.000,00
10.7.2002	115,00	115,00	105,00	105,00	112,14	0,00	2	700	78.500,00
9.7.2002	113,99	113,99	105,00	105,00	111,42	-8,69	2	700	77.995,00
8.7.2002	114,99	114,99	114,99	114,99	114,99	14,97	1	500	57.495,00
5.7.2002	114,99	114,99	100,02	100,02	112,50	-13,02	2	600	67.497,00
4.7.2002	114,99	114,99	114,99	114,99	114,99	-4,15	1	500	57.495,00
3.7.2002	119,97	119,97	119,97	119,97	119,97	-0,02	1	500	59.985,00
2.7.2002	119,99	119,99	119,99	119,99	119,99	12,13	1	500	59.995,00
28.6.2002	119,99	119,99	107,01	107,01	118,81	-10,07	2	550	65.345,50
27.6.2002	118,99	118,99	118,99	118,99	118,99	11,01	1	500	59.495,00
26.6.2002	119,99	119,99	107,19	107,19	118,83	-10,67	2	550	65.354,50
21.6.2002	119,99	119,99	119,99	119,99	119,99	-0,01	1	500	59.995,00
19.6.2002	120,00	120,00	120,00	120,00	120,00	0,00	1	500	60.000,00
18.6.2002	120,00	120,00	120,00	120,00	120,00	0,00	1	500	60.000,00
17.6.2002	120,00	120,00	120,00	120,00	120,00	0,00	1	500	60.000,00
14.6.2002	120,00	120,00	120,00	120,00	120,00	0,00	1	500	60.000,00
13.6.2002	120,00	120,00	120,00	120,00	120,00	0,00	1	500	60.000,00
12.6.2002	120,00	120,00	120,00	120,00	120,00	0,00	2	500	60.000,00
11.6.2002	120,00	120,00	120,00	120,00	120,00	0,00	2	900	108.000,00
10.6.2002	120,00	120,00	120,00	120,00	120,00	0,00	1	500	60.000,00
7.6.2002	120,00	120,00	120,00	120,00	120,00	4,35	1	500	60.000,00
6.6.2002	120,00	120,00	115,00	115,00	119,24	-4,17	2	590	70.350,00
5.6.2002	120,00	120,00	120,00	120,00	120,00	0,00	2	511	61.320,00
4.6.2002	120,00	120,00	120,00	120,00	120,00	0,00	1	500	60.000,00
29.5.2002	120,00	120,00	120,00	120,00	120,00	-4,00	1	500	60.000,00
23.5.2002	125,00	125,00	125,00	125,00	125,00	0,00	2	1.386	173.250,00
22.5.2002	125,00	125,00	125,00	125,00	125,00	0,00	1	500	62.500,00
21.5.2002	125,00	125,00	125,00	125,00	125,00	0,00	1	500	62.500,00
17.5.2002	125,00	125,00	125,00	125,00	125,00	0,00	1	500	62.500,00
16.5.2002	120,00	125,00	120,00	125,00	123,13	4,17	2	800	98.500,00
15.5.2002	120,00	120,00	120,00	120,00	120,00	0,00	1	500	60.000,00
16.4.2002	120,00	120,00	120,00	120,00	120,00	88,71	1	288	34.560,00
5.4.2002	63,59	63,59	63,59	63,59	63,59	-39,44	1	200	12.718,00
21.3.2002	105,00	105,00	105,00	105,00	105,00	11,70	1	10	1.050,00
20.3.2002	94,00	94,00	94,00	94,00	94,00	25,33	1	67	6.298,00
1.3.2002	75,00	75,00	75,00	75,00	75,00	11,94	1	416	31.200,00
25.10.2001	67,00	67,00	67,00	67,00	67,00	3,08	1	198	13.266,00
19.10.2001	65,00	65,00	65,00	65,00	65,00	0,00	1	216	14.040,00
5.10.2001	65,00	65,00	65,00	65,00	65,00	-2,99	1	126	8.190,00
26.9.2001	67,00	67,00	67,00	67,00	67,00	0,00	1	35.000	2.345.000,00
17.9.2001	67,00	67,00	67,00	67,00	67,00	3,08	1	12.034	806.278,00
5.9.2001	65,00	65,00	65,00	65,00	65,00	0,00	2	572	37.180,00
2.8.2001	65,00	65,00	65,00	65,00	65,00	6,45	1	160	10.400,00
27.7.2001	61,06	61,06	61,06	61,06	61,06	-12,77	1	50	3.053,00
26.6.2001	70,00	70,00	70,00	70,00	70,00	0,00	1	100	7.000,00
21.6.2001	70,00	70,00	70,00	70,00	70,00	7,71	2	506	35.420,00
18.6.2001	64,98	64,99	64,98	64,99	64,99	-0,02	2	700	45.492,00
15.6.2001	65,00	65,00	65,00	65,00	65,00	-7,13	1	200	13.000,00
4.6.2001	69,99	69,99	69,99	69,99	69,99	4,46	1	300	20.997,00
31.5.2001	67,00	67,00	67,00	67,00	67,00	2,76	1	300	20.100,00
16.5.2001	65,20	65,20	65,20	65,20	65,20	0,31	1	306	19.951,20
20.4.2001	65,00	65,00	65,00	65,00	65,00	1,56	1	234	15.210,00
19.4.2001	65,00	65,00	64,00	64,00	64,95	-1,54	2	2.100	136.400,00
18.4.2001	65,00	65,00	65,00	65,00	65,00	0,00	1	1.463	95.095,00
17.4.2001	65,00	65,00	65,00	65,00	65,00	-4,41	1	1.200	78.000,00
6.4.2001	68,00	68,00	68,00	68,00	68,00	4,62	1	946	64.328,00
13.3.2001	65,00	65,00	65,00	65,00	65,00	8,33	1	1.000	65.000,00
5.3.2001	59,00	60,00	59,00	60,00	59,42	0,00	2	342	20.320,00