22.8.2008	1.063,00	1.090,00	1.063,00	1.090,00	1.069,75	-0,91	3	40	42.789,93
21.8.2008	1.070,01	1.100,00	1.070,00	1.099,99	1.090,68	0,00	8	29	31.629,84
20.8.2008	1.075,00	1.100,00	1.070,01	1.100,00	1.083,75	3,47	4	24	26.010,08
19.8.2008	1.082,20	1.100,00	1.063,10	1.063,10	1.082,34	-3,35	9	64	69.269,85
18.8.2008	1.100,00	1.100,00	1.081,01	1.100,00	1.099,27	0,00	5	26	28.581,01
14.8.2008	1.100,00	1.100,00	1.100,00	1.100,00	1.100,00	-2,65	5	35	38.500,00
13.8.2008	1.130,00	1.130,00	1.130,00	1.130,00	1.130,00	2,73	1	2	2.260,00
12.8.2008	1.100,10	1.100,10	1.100,00	1.100,00	1.100,01	0,00	3	85	93.500,60
11.8.2008	1.110,00	1.110,00	1.100,00	1.100,00	1.104,44	4,26	6	27	29.820,00
8.8.2008	1.100,20	1.100,20	1.055,01	1.055,01	1.089,37	-4,11	15	88	95.864,37
7.8.2008	1.104,99	1.104,99	1.100,18	1.100,18	1.104,75	-3,49	8	60	66.284,89
6.8.2008	1.100,06	1.140,00	1.100,05	1.140,00	1.105,19	3,64	8	57	62.995,77
1.8.2008	1.100,00	1.100,00	1.100,00	1.100,00	1.100,00	0,00	4	40	44.000,00
31.7.2008	1.077,00	1.100,00	1.077,00	1.100,00	1.097,94	7,32	6	80	87.835,55
29.7.2008	1.025,00	1.025,00	1.025,00	1.025,00	1.025,00	0,00	7	78	79.950,00
28.7.2008	1.025,00	1.025,00	1.025,00	1.025,00	1.025,00	2,50	1	11	11.275,00
25.7.2008	1.006,03	1.006,03	1.000,01	1.000,01	1.004,80	-2,44	3	44	44.210,99
24.7.2008	1.025,00	1.025,00	1.025,00	1.025,00	1.025,00	0,00	4	80	82.000,00
23.7.2008	1.028,51	1.028,51	1.025,00	1.025,00	1.026,17	-0,34	7	55	56.439,56
22.7.2008	1.029,00	1.029,00	1.028,51	1.028,51	1.028,54	0,00	3	20	20.570,76
21.7.2008	1.031,03	1.031,03	1.028,51	1.028,51	1.030,40	0,00	2	20	20.608,00
17.7.2008	1.049,00	1.049,00	1.027,10	1.028,50	1.029,99	-2,05	3	10	10.299,90
16.7.2008	1.050,00	1.050,00	1.050,00	1.050,00	1.050,00	0,00	2	8	8.400,00
15.7.2008	1.055,01	1.055,01	1.050,00	1.050,00	1.052,65	-4,55	5	57	60.001,15
14.7.2008	1.100,00	1.100,00	1.100,00	1.100,00	1.100,00	0,00	2	20	22.000,00
11.7.2008	1.100,00	1.100,00	1.050,00	1.100,00	1.096,61	-7,95	12	59	64.700,00
10.7.2008	1.099,00	1.195,00	1.099,00	1.195,00	1.107,92	8,74	8	106	117.440,00
9.7.2008	1.002,40	1.099,00	1.002,40	1.099,00	1.063,79	3,68	8	95	101.060,20
8.7.2008	1.059,99	1.059,99	1.059,99	1.059,99	1.059,99	-0,93	1	11	11.659,89
7.7.2008	1.000,12	1.069,93	1.000,00	1.069,93	1.011,72	1,90	8	60	60.703,00
4.7.2008	1.000,00	1.050,00	1.000,00	1.050,00	1.009,48	-3,76	13	174	175.650,00
2.7.2008	1.095,00	1.095,00	1.050,00	1.091,00	1.069,51	-5,13	7	63	67.379,00
1.7.2008	1.150,00	1.150,00	1.150,00	1.150,00	1.150,00	-4,13	1	5	5.750,00
30.6.2008	905,61	1.199,50	905,61	1.199,50	1.103,72	11,58	35	442	487.843,20
27.6.2008	1.024,99	1.075,00	1.024,99	1.075,00	1.037,03	3,37	13	145	150.369,98
26.6.2008	1.053,00	1.053,00	1.000,00	1.040,00	1.022,85	2,97	6	331	338.563,00
24.6.2008	1.010,00	1.010,00	1.010,00	1.010,00	1.010,00	1,00	1	17	17.170,00
23.6.2008	1.053,03	1.053,03	1.000,01	1.000,01	1.031,25	-13,04	5	50	51.562,31
19.6.2008	1.102,02	1.150,00	1.065,00	1.150,00	1.103,43	-2,13	13	84	92.687,74
18.6.2008	1.150,00	1.175,00	1.150,00	1.175,00	1.174,84	-1,26	3	2.003	2.353.200,00
12.6.2008	1.110,00	1.189,99	1.110,00	1.189,99	1.185,19	7,10	9	75	88.889,31
11.6.2008	1.125,26	1.125,26	1.111,11	1.111,11	1.123,50	-1,26	19	89	99.991,78
10.6.2008	1.125,50	1.125,50	1.125,25	1.125,25	1.125,31	-6,23	6	39	43.887,25
9.6.2008	1.200,01	1.200,01	1.198,00	1.199,99	1.199,96	0,00	12	163	195.593,88
6.6.2008	1.199,99	1.202,22	1.199,99	1.200,00	1.200,25	7,62	14	341	409.286,50
5.6.2008	1.100,01	1.115,00	1.100,01	1.115,00	1.111,07	4,60	8	42	46.665,11
4.6.2008	1.066,00	1.100,00	1.066,00	1.066,00	1.066,91	-1,30	7	86	91.754,53
3.6.2008	1.200,00	1.200,00	1.065,01	1.080,00	1.107,45	-2,70	14	211	233.672,56
2.6.2008	1.130,00	1.150,00	1.110,00	1.110,00	1.137,88	0,91	6	33	37.549,92
30.5.2008	1.099,00	1.100,00	1.090,00	1.100,00	1.098,63	0,00	6	51	56.030,00
29.5.2008	1.099,00	1.100,00	1.099,00	1.100,00	1.099,67	0,00	3	9	9.897,00
26.5.2008	1.100,00	1.100,00	1.050,01	1.100,00	1.082,75	-2,22	7	51	55.220,07
23.5.2008	1.149,50	1.160,00	1.125,00	1.125,00	1.144,30	-2,17	8	51	58.359,50
21.5.2008	1.160,00	1.200,00	1.150,00	1.150,00	1.169,27	-0,86	5	96	112.250,00
20.5.2008	1.200,01	1.201,00	1.150,00	1.160,00	1.182,70	-5,19	11	121	143.107,00
19.5.2008	1.220,00	1.250,00	1.180,00	1.223,48	1.202,50	-5,89	13	98	117.845,44
16.5.2008	1.200,00	1.300,00	1.200,00	1.300,00	1.290,00	0,00	3	20	25.800,00
15.5.2008	1.299,00	1.300,00	1.299,00	1.300,00	1.299,37	0,00	3	63	81.860,00
14.5.2008	1.300,00	1.300,00	1.300,00	1.300,00	1.300,00	4,00	2	30	39.000,00
13.5.2008	1.250,00	1.250,00	1.250,00	1.250,00	1.250,00	0,00	1	5	6.250,00
12.5.2008	1.250,00	1.250,00	1.250,00	1.250,00	1.250,00	0,64	4	8	10.000,00
9.5.2008	1.242,00	1.242,00	1.242,00	1.242,00	1.242,00	0,00	1	3	3.726,00
8.5.2008	1.260,00	1.260,00	1.189,00	1.242,00	1.220,76	-1,43	9	66	80.570,00
7.5.2008	1.260,00	1.260,00	1.260,00	1.260,00	1.260,00	0,00	1	13	16.380,00
6.5.2008	1.260,00	1.260,00	1.260,00	1.260,00	1.260,00	0,80	1	8	10.080,00
5.5.2008	1.251,00	1.251,00	1.250,00	1.250,00	1.250,77	-11,47	2	13	16.260,00
30.4.2008	1.211,00	1.411,99	1.210,00	1.411,99	1.248,15	8,45	3	27	33.699,95
29.4.2008	1.302,00	1.302,00	1.301,00	1.302,00	1.301,75	-5,65	5	20	26.035,00
28.4.2008	1.340,00	1.415,00	1.337,00	1.380,00	1.363,05	-2,47	6	41	55.885,00
25.4.2008	1.428,00	1.428,00	1.380,00	1.415,00	1.420,33	-1,39	13	159	225.832,81
24.4.2008	1.360,00	1.434,97	1.359,00	1.434,97	1.371,88	4,74	19	485	665.362,38
23.4.2008	1.369,99	1.369,99	1.369,99	1.369,99	1.369,99	-1,79	1	14	19.179,86
22.4.2008	1.386,00	1.434,98	1.386,00	1.395,00	1.399,74	-3,79	8	66	92.383,04
21.4.2008	1.399,00	1.490,00	1.399,00	1.449,95	1.488,35	7,40	43	5.404	8.043.040,78
18.4.2008	1.255,00	1.400,00	1.255,00	1.350,00	1.303,22	7,14	21	485	632.064,00
17.4.2008	1.180,00	1.260,00	1.180,00	1.260,00	1.198,76	9,57	20	298	357.230,00
16.4.2008	1.019,00	1.150,00	1.019,00	1.150,00	1.090,34	12,86	15	241	262.771,09
15.4.2008	1.050,00	1.050,00	1.018,00	1.019,00	1.027,16	-7,36	11	63	64.711,00
14.4.2008	1.100,00	1.100,00	1.100,00	1.100,00	1.100,00	-11,65	3	19	20.900,00
11.4.2008	1.287,00	1.287,00	1.223,62	1.245,00	1.245,02	-7,78	6	12.583	15.666.143,40
10.4.2008	1.349,00	1.350,00	1.349,00	1.350,00	1.349,86	0,14	3	60	80.991,50
9.4.2008	1.250,00	1.348,09	1.250,00	1.348,09	1.296,46	-1,60	2	19	24.632,81
8.4.2008	1.330,00	1.370,00	1.330,00	1.370,00	1.359,57	0,10	11	70	95.170,00
4.4.2008	1.386,00	1.386,00	1.300,00	1.368,69	1.321,33	-1,32	5	26	34.354,69
3.4.2008	1.387,00	1.387,00	1.387,00	1.387,00	1.387,00	-3,01	1	9	12.483,00
1.4.2008	1.434,99	1.440,00	1.430,00	1.430,00	1.433,24	-0,56	8	74	106.059,80
31.3.2008	1.437,99	1.437,99	1.437,99	1.437,99	1.437,99	-0,48	1	1	1.437,99
28.3.2008	1.447,99	1.447,99	1.350,00	1.444,98	1.373,27	0,35	9	96	131.833,58
26.3.2008	1.350,10	1.440,00	1.350,10	1.440,00	1.418,85	-0,69	2	17	24.120,40
20.3.2008	1.401,01	1.450,00	1.399,00	1.450,00	1.405,63	-0,68	7	183	257.230,03
19.3.2008	1.460,00	1.460,00	1.460,00	1.460,00	1.460,00	0,76	1	5	7.300,00
17.3.2008	1.460,00	1.460,00	1.401,01	1.449,00	1.422,21	-3,40	14	145	206.220,38
14.3.2008	1.499,98	1.499,98	1.499,98	1.499,98	1.499,98	0,00	3	12	17.999,76
13.3.2008	1.510,00	1.510,00	1.499,99	1.499,99	1.500,17	-3,23	7	69	103.511,44
12.3.2008	1.510,01	1.549,99	1.510,00	1.549,99	1.530,00	-2,52	3	6	9.179,98
11.3.2008	1.550,00	1.590,00	1.500,09	1.590,00	1.560,92	-0,24	5	11	17.170,17
10.3.2008	1.551,00	1.595,00	1.500,01	1.593,90	1.547,57	-0,38	10	83	128.448,57
7.3.2008	1.599,96	1.599,97	1.599,96	1.599,97	1.599,97	0,00	5	39	62.398,78
6.3.2008	1.570,00	1.599,98	1.570,00	1.599,98	1.590,98	0,00	3	10	15.909,81
5.3.2008	1.600,00	1.600,00	1.600,00	1.600,00	1.600,00	-0,50	1	1	1.600,00
4.3.2008	1.620,00	1.643,96	1.607,99	1.607,99	1.622,20	-0,74	25	310	502.881,44
3.3.2008	1.620,00	1.620,00	1.620,00	1.620,00	1.620,00	1,25	1	5	8.100,00
29.2.2008	1.600,00	1.600,00	1.550,00	1.600,00	1.596,67	0,00	7	33	52.690,04
28.2.2008	1.600,00	1.600,00	1.600,00	1.600,00	1.600,00	-0,62	2	7	11.200,00
27.2.2008	1.602,00	1.610,00	1.585,01	1.610,00	1.598,72	-2,13	13	113	180.655,10
26.2.2008	1.586,00	1.644,98	1.586,00	1.644,98	1.622,61	0,00	4	29	47.055,64
25.2.2008	1.580,00	1.649,00	1.580,00	1.644,98	1.639,57	4,11	24	183	300.040,99
21.2.2008	1.580,00	1.580,00	1.580,00	1.580,00	1.580,00	-3,07	5	27	42.660,00
20.2.2008	1.580,00	1.630,00	1.580,00	1.630,00	1.617,50	-1,15	2	4	6.470,00
19.2.2008	1.580,00	1.648,95	1.580,00	1.648,95	1.605,28	3,06	6	51	81.869,50
18.2.2008	1.600,00	1.600,00	1.600,00	1.600,00	1.600,00	-3,44	1	6	9.600,00
15.2.2008	1.657,00	1.657,00	1.655,00	1.656,98	1.656,82	0,42	10	120	198.818,86
13.2.2008	1.600,00	1.650,00	1.600,00	1.650,00	1.605,95	-1,20	6	42	67.450,05
11.2.2008	1.600,01	1.670,00	1.500,01	1.670,00	1.554,61	1,21	19	64	99.495,18
8.2.2008	1.667,05	1.667,05	1.600,00	1.650,00	1.645,63	-1,02	11	67	110.257,47
7.2.2008	1.669,01	1.725,00	1.667,04	1.667,04	1.689,22	-1,36	15	140	236.490,53
6.2.2008	1.690,00	1.690,00	1.670,04	1.690,00	1.687,17	-0,59	7	67	113.040,23
5.2.2008	1.690,00	1.700,00	1.690,00	1.700,00	1.698,87	0,00	9	97	164.790,00
4.2.2008	1.700,00	1.700,00	1.700,00	1.700,00	1.700,00	0,00	1	121	205.700,00
1.2.2008	1.700,00	1.700,00	1.700,00	1.700,00	1.700,00	0,00	9	153	260.100,00
31.1.2008	1.740,00	1.740,00	1.700,00	1.700,00	1.713,33	0,00	2	15	25.700,00
30.1.2008	1.700,00	1.700,00	1.700,00	1.700,00	1.700,00	0,00	9	54	91.800,00
29.1.2008	1.700,00	1.700,00	1.700,00	1.700,00	1.700,00	0,00	2	85	144.500,00
28.1.2008	1.700,00	1.700,00	1.666,00	1.700,00	1.699,73	-2,75	4	375	637.398,00
25.1.2008	1.747,99	1.747,99	1.747,99	1.747,99	1.747,99	0,06	1	10	17.479,90
24.1.2008	1.750,00	1.750,00	1.699,00	1.747,00	1.717,65	1,28	16	336	577.132,05
23.1.2008	1.750,00	1.750,00	1.725,00	1.725,00	1.746,46	-1,43	14	130	227.040,10
22.1.2008	1.711,00	1.750,00	1.700,00	1.750,00	1.717,18	2,28	12	96	164.849,54
21.1.2008	1.824,99	1.824,99	1.711,00	1.711,00	1.762,25	-6,25	10	148	260.812,95
18.1.2008	1.829,99	1.829,99	1.820,00	1.824,99	1.826,56	-0,27	5	105	191.789,22
17.1.2008	1.751,00	1.829,99	1.745,00	1.829,99	1.802,59	4,57	12	136	245.152,58
16.1.2008	1.794,69	1.800,00	1.720,00	1.750,00	1.755,29	-4,37	13	238	417.758,76
15.1.2008	1.800,05	1.829,99	1.800,00	1.829,99	1.810,31	0,55	6	194	351.200,22
14.1.2008	1.834,99	1.850,00	1.800,00	1.820,00	1.831,79	0,00	21	338	619.143,90
11.1.2008	1.835,00	1.835,00	1.805,00	1.820,00	1.828,61	1,11	4	47	85.944,70
10.1.2008	1.800,00	1.800,00	1.800,00	1.800,00	1.800,00	0,00	7	174	313.200,00
9.1.2008	1.800,00	1.800,00	1.800,00	1.800,00	1.800,00	3,93	2	15	27.000,00
8.1.2008	1.811,00	1.818,00	1.732,00	1.732,00	1.788,56	-8,84	17	110	196.742,10
7.1.2008	1.798,00	1.899,99	1.798,00	1.899,99	1.829,38	11,37	43	442	808.584,89
4.1.2008	1.750,00	1.750,00	1.706,00	1.706,00	1.742,18	-2,51	12	90	156.795,93
3.1.2008	1.750,00	1.750,00	1.744,99	1.750,00	1.747,80	0,00	12	105	183.519,52
2.1.2008	1.718,00	1.750,01	1.718,00	1.750,00	1.743,60	2,94	15	279	486.463,19
31.12.2007	1.700,00	1.700,00	1.695,01	1.700,00	1.699,71	0,00	14	226	384.135,13
28.12.2007	1.695,00	1.700,00	1.655,01	1.700,00	1.671,53	0,59	31	1.039	1.736.720,55
27.12.2007	1.650,00	1.700,00	1.650,00	1.690,00	1.659,31	2,42	15	200	331.861,81
21.12.2007	1.638,99	1.698,00	1.638,99	1.650,00	1.644,82	2,48	47	1.612	2.651.449,29
20.12.2007	1.639,95	1.639,95	1.610,00	1.610,00	1.638,82	-0,62	8	64	104.884,29
19.12.2007	1.600,00	1.620,00	1.600,00	1.620,00	1.608,00	-1,16	2	30	48.240,00
18.12.2007	1.639,00	1.639,00	1.639,00	1.639,00	1.639,00	2,44	1	31	50.809,00
17.12.2007	1.661,00	1.661,00	1.600,02	1.600,02	1.620,84	-5,88	18	315	510.564,61
14.12.2007	1.699,99	1.699,99	1.699,99	1.699,99	1.699,99	3,03	1	6	10.199,94
12.12.2007	1.713,00	1.713,00	1.650,00	1.650,00	1.678,72	-3,85	5	51	85.614,93
11.12.2007	1.716,00	1.716,00	1.716,00	1.716,00	1.716,00	0,94	1	5	8.580,00
10.12.2007	1.700,00	1.719,00	1.700,00	1.700,00	1.702,61	0,00	6	155	263.905,00
7.12.2007	1.699,99	1.700,00	1.661,00	1.700,00	1.695,72	0,00	8	73	123.787,43
6.12.2007	1.700,00	1.700,00	1.698,00	1.699,99	1.699,54	0,00	5	35	59.483,79
5.12.2007	1.700,00	1.728,00	1.699,99	1.699,99	1.714,28	0,00	10	99	169.713,94
4.12.2007	1.700,00	1.700,00	1.700,00	1.700,00	1.700,00	0,00	2	10	17.000,00
3.12.2007	1.728,00	1.729,00	1.700,00	1.700,00	1.716,35	1,49	4	35	60.072,40
29.11.2007	1.743,98	1.743,99	1.675,00	1.675,00	1.680,52	-3,96	6	349	586.500,58
28.11.2007	1.750,00	1.770,00	1.700,00	1.744,00	1.733,53	-0,40	9	73	126.548,00
27.11.2007	1.787,00	1.788,00	1.751,00	1.751,00	1.777,13	-2,07	27	198	351.871,21
26.11.2007	1.700,00	1.789,00	1.700,00	1.787,97	1.745,20	5,17	10	63	109.947,82
23.11.2007	1.699,00	1.700,00	1.699,00	1.700,00	1.699,84	0,00	7	63	107.089,92
22.11.2007	1.650,00	1.700,00	1.625,00	1.700,00	1.675,36	3,03	10	72	120.626,00
21.11.2007	1.640,00	1.650,00	1.640,00	1.650,00	1.643,33	3,19	2	12	19.720,00
20.11.2007	1.645,00	1.650,00	1.533,33	1.599,00	1.572,81	3,36	14	224	352.308,58
19.11.2007	1.600,00	1.600,00	1.545,01	1.547,00	1.570,76	-3,31	12	156	245.037,92
16.11.2007	1.600,00	1.600,00	1.600,00	1.600,00	1.600,00	-2,79	3	13	20.800,00
15.11.2007	1.670,99	1.700,00	1.646,00	1.646,00	1.656,56	0,00	10	131	217.008,90
14.11.2007	1.648,00	1.670,99	1.646,00	1.646,00	1.662,35	1,60	7	83	137.974,99
13.11.2007	1.600,00	1.620,00	1.550,02	1.620,00	1.602,99	1,25	9	71	113.812,17
9.11.2007	1.592,00	1.600,00	1.592,00	1.600,00	1.598,50	-2,97	3	16	25.576,00
8.11.2007	1.595,02	1.649,00	1.592,00	1.649,00	1.604,99	3,38	6	68	109.139,18
7.11.2007	1.600,00	1.600,00	1.595,01	1.595,02	1.597,29	-3,33	4	11	17.570,15
6.11.2007	1.600,00	1.650,00	1.600,00	1.650,00	1.625,00	3,13	4	10	16.250,00
5.11.2007	1.610,00	1.610,00	1.600,00	1.600,00	1.604,64	-0,31	9	81	129.976,00
31.10.2007	1.625,00	1.625,00	1.605,00	1.605,00	1.614,89	-2,73	9	127	205.091,45
30.10.2007	1.675,00	1.680,00	1.625,00	1.650,00	1.674,37	-1,79	4	710	1.188.800,00
29.10.2007	1.650,00	1.680,00	1.650,00	1.680,00	1.678,13	3,70	3	16	26.850,00
26.10.2007	1.640,00	1.680,00	1.616,03	1.620,00	1.644,93	0,81	9	72	118.435,30
24.10.2007	1.630,00	1.650,00	1.607,01	1.607,01	1.629,59	-1,41	11	92	149.921,91
23.10.2007	1.622,00	1.658,00	1.620,00	1.630,00	1.625,65	1,49	7	83	134.929,09
22.10.2007	1.690,00	1.690,00	1.606,00	1.606,00	1.658,77	-4,97	6	47	77.962,00
19.10.2007	1.700,00	1.700,00	1.630,00	1.690,00	1.652,50	-0,59	11	55	90.887,51
18.10.2007	1.720,00	1.745,00	1.700,00	1.700,00	1.710,00	0,00	9	65	111.150,00
17.10.2007	1.799,90	1.799,90	1.700,00	1.700,00	1.707,08	-5,56	8	36	61.454,80
16.10.2007	1.800,00	1.801,00	1.799,00	1.800,00	1.799,99	0,00	15	178	320.397,82
15.10.2007	1.748,00	1.800,00	1.748,00	1.800,00	1.782,83	5,88	18	179	319.125,70
12.10.2007	1.600,00	1.700,00	1.598,00	1.700,00	1.671,98	6,25	16	146	244.109,00
11.10.2007	1.546,03	1.600,00	1.546,03	1.600,00	1.586,82	3,49	5	93	147.574,33
10.10.2007	1.560,01	1.560,01	1.546,00	1.546,01	1.550,19	-1,02	9	107	165.870,34
9.10.2007	1.590,00	1.590,00	1.562,00	1.562,01	1.570,29	-2,37	6	70	109.920,06
5.10.2007	1.575,01	1.600,00	1.572,00	1.600,00	1.590,45	0,00	3	126	200.397,19
4.10.2007	1.610,01	1.610,01	1.600,00	1.600,00	1.601,96	0,00	3	51	81.700,10
3.10.2007	1.630,00	1.630,00	1.575,01	1.600,00	1.589,80	-1,84	3	24	38.155,17
2.10.2007	1.630,00	1.630,00	1.600,00	1.630,00	1.613,13	4,42	4	32	51.620,00
1.10.2007	1.550,01	1.630,00	1.550,00	1.561,01	1.576,79	-5,39	5	14	22.075,03
28.9.2007	1.546,00	1.650,00	1.546,00	1.649,99	1.631,19	7,61	9	112	182.692,88
27.9.2007	1.550,00	1.550,00	1.533,33	1.533,33	1.544,35	-4,23	4	18	27.798,32
26.9.2007	1.500,00	1.601,00	1.500,00	1.601,00	1.546,91	6,73	7	149	230.490,00
25.9.2007	1.499,00	1.500,00	1.499,00	1.500,00	1.499,60	0,07	3	10	14.996,00
24.9.2007	1.421,00	1.499,00	1.421,00	1.499,00	1.476,71	-0,07	2	14	20.674,00
21.9.2007	1.450,00	1.500,00	1.450,00	1.500,00	1.493,69	-0,66	4	65	97.090,00
20.9.2007	1.500,00	1.510,00	1.500,00	1.510,00	1.506,00	0,67	2	25	37.650,00
19.9.2007	1.409,00	1.500,00	1.409,00	1.500,00	1.471,13	5,63	8	242	356.012,98
18.9.2007	1.420,00	1.420,00	1.420,00	1.420,00	1.420,00	-2,07	2	10	14.200,00
17.9.2007	1.400,01	1.450,00	1.400,01	1.450,00	1.436,00	3,57	16	211	302.995,74
14.9.2007	1.400,01	1.400,01	1.400,01	1.400,01	1.400,01	-4,11	1	10	14.000,10
12.9.2007	1.470,02	1.470,02	1.460,00	1.460,00	1.463,69	-0,68	4	19	27.810,19
11.9.2007	1.555,00	1.555,00	1.470,02	1.470,02	1.536,91	-7,55	14	157	241.294,92
10.9.2007	1.583,00	1.590,00	1.583,00	1.590,00	1.588,60	0,51	2	10	15.886,00
7.9.2007	1.550,00	1.582,00	1.550,00	1.582,00	1.561,43	4,07	4	28	43.720,00
6.9.2007	1.525,00	1.525,00	1.520,11	1.520,13	1.521,42	-1,93	3	15	22.821,31
5.9.2007	1.583,03	1.583,03	1.540,01	1.550,00	1.555,10	-2,09	5	57	88.640,43
4.9.2007	1.595,00	1.595,00	1.583,03	1.583,03	1.585,87	-0,75	5	21	33.303,18
3.9.2007	1.610,01	1.610,01	1.595,01	1.595,01	1.604,42	-2,74	6	36	57.759,19
31.8.2007	1.611,00	1.640,00	1.610,00	1.640,00	1.614,38	-0,30	3	8	12.915,00
29.8.2007	1.644,00	1.645,00	1.644,00	1.645,00	1.644,23	3,13	3	13	21.375,00
28.8.2007	1.608,00	1.608,00	1.595,00	1.595,08	1.598,22	-1,17	8	37	59.134,22
27.8.2007	1.614,00	1.614,00	1.614,00	1.614,00	1.614,00	0,06	1	4	6.456,00
24.8.2007	1.616,02	1.616,02	1.613,03	1.613,03	1.614,31	-5,12	2	14	22.600,36
23.8.2007	1.691,00	1.700,00	1.691,00	1.700,00	1.696,57	0,00	4	21	35.628,00
22.8.2007	1.704,00	1.704,00	1.691,00	1.700,00	1.699,47	0,00	7	306	520.039,00
21.8.2007	1.650,00	1.700,00	1.650,00	1.699,99	1.692,42	0,06	9	372	629.580,62
17.8.2007	1.650,00	1.699,00	1.640,00	1.699,00	1.668,37	3,57	6	72	120.122,77
16.8.2007	1.699,99	1.699,99	1.640,40	1.640,40	1.644,66	-3,51	3	14	23.025,27
14.8.2007	1.699,99	1.700,00	1.699,99	1.700,00	1.700,00	0,00	3	26	44.199,97
13.8.2007	1.675,00	1.699,99	1.675,00	1.699,99	1.695,83	4,78	2	12	20.349,90
10.8.2007	1.657,70	1.657,70	1.622,32	1.622,45	1.627,86	-2,13	5	26	42.324,37
8.8.2007	1.657,00	1.660,00	1.657,00	1.657,70	1.658,99	-2,20	3	21	34.838,80
7.8.2007	1.655,55	1.695,00	1.650,00	1.695,00	1.664,30	2,38	10	65	108.179,40
6.8.2007	1.655,00	1.656,00	1.655,00	1.655,55	1.655,55	-0,27	5	28	46.355,26
2.8.2007	1.660,00	1.660,00	1.660,00	1.660,00	1.660,00	0,30	1	10	16.600,00
1.8.2007	1.660,00	1.660,00	1.655,01	1.655,01	1.658,34	-0,30	3	6	9.950,02
31.7.2007	1.660,01	1.660,01	1.660,00	1.660,00	1.660,00	0,48	4	57	94.620,16
30.7.2007	1.651,00	1.653,00	1.651,00	1.652,01	1.652,48	-3,39	3	19	31.397,08
27.7.2007	1.700,00	1.710,00	1.700,00	1.710,00	1.707,89	0,29	6	38	64.900,00
26.7.2007	1.684,99	1.705,00	1.684,99	1.705,00	1.696,00	3,21	5	25	42.399,95
25.7.2007	1.699,99	1.699,99	1.652,03	1.652,03	1.663,25	-2,82	5	60	99.795,29
24.7.2007	1.700,00	1.700,00	1.700,00	1.700,00	1.700,00	0,00	7	75	127.500,00
23.7.2007	1.701,01	1.701,01	1.700,00	1.700,00	1.700,46	0,00	5	120	204.055,45
19.7.2007	1.700,00	1.700,00	1.700,00	1.700,00	1.700,00	-0,06	2	27	45.900,00
18.7.2007	1.712,07	1.712,07	1.701,00	1.701,00	1.709,61	-0,23	6	72	123.091,62
17.7.2007	1.705,00	1.705,00	1.705,00	1.705,00	1.705,00	0,29	1	5	8.525,00
16.7.2007	1.700,00	1.700,00	1.700,00	1.700,00	1.700,00	-5,34	3	6	10.200,00
13.7.2007	1.621,00	1.795,99	1.621,00	1.795,99	1.646,00	4,42	2	7	11.521,99
12.7.2007	1.682,97	1.720,00	1.602,00	1.720,00	1.699,20	7,50	13	92	156.326,57
11.7.2007	1.600,07	1.600,07	1.585,01	1.600,00	1.599,68	0,00	8	46	73.585,22
10.7.2007	1.600,10	1.600,10	1.600,07	1.600,07	1.600,08	0,00	6	28	44.802,17
9.7.2007	1.600,07	1.600,07	1.600,07	1.600,07	1.600,07	0,00	3	17	27.201,19
6.7.2007	1.650,00	1.650,00	1.600,07	1.600,07	1.618,61	0,00	4	14	22.660,49
5.7.2007	1.600,02	1.600,04	1.600,02	1.600,04	1.600,03	-4,48	2	13	20.800,44
4.7.2007	1.675,00	1.675,00	1.675,00	1.675,00	1.675,00	4,69	1	59	98.825,00
3.7.2007	1.651,00	1.651,00	1.600,00	1.600,00	1.618,76	-4,76	5	51	82.557,00
2.7.2007	1.700,00	1.700,00	1.680,00	1.680,00	1.682,10	-1,18	8	42	70.648,00
28.6.2007	1.700,00	1.700,00	1.700,00	1.700,00	1.700,00	1,79	1	10	17.000,00
27.6.2007	1.700,00	1.700,00	1.670,16	1.670,16	1.697,94	-1,76	12	145	246.201,50
26.6.2007	1.700,00	1.700,00	1.692,00	1.700,00	1.699,74	0,59	12	281	477.628,00
21.6.2007	1.700,00	1.700,00	1.690,00	1.690,01	1.690,08	-0,59	7	887	1.499.100,62
20.6.2007	1.661,02	1.700,00	1.661,02	1.700,00	1.685,01	1,43	30	1.664	2.803.854,33
19.6.2007	1.650,00	1.725,00	1.620,00	1.676,01	1.690,32	-1,35	72	3.061	5.174.062,71
18.6.2007	1.680,00	1.699,00	1.630,00	1.699,00	1.687,60	4,81	14	523	882.616,00
15.6.2007	1.655,00	1.655,00	1.621,03	1.621,03	1.640,44	0,00	2	28	45.932,36
14.6.2007	1.621,01	1.621,01	1.621,00	1.621,01	1.621,01	-2,35	3	28	45.388,15
13.6.2007	1.640,00	1.700,00	1.621,01	1.660,01	1.664,49	2,47	13	91	151.468,34
12.6.2007	1.690,00	1.690,00	1.620,00	1.620,00	1.633,68	0,00	6	55	89.852,37
11.6.2007	1.680,00	1.680,00	1.620,01	1.620,01	1.660,50	0,00	7	40	66.420,13
8.6.2007	1.620,01	1.620,01	1.620,00	1.620,01	1.620,01	-0,61	5	35	56.700,24
6.6.2007	1.650,00	1.670,00	1.620,00	1.629,99	1.625,81	-1,21	16	154	250.375,16
5.6.2007	1.650,10	1.660,00	1.650,00	1.650,00	1.652,48	0,00	7	62	102.453,70
4.6.2007	1.680,00	1.680,00	1.650,00	1.650,00	1.672,20	-2,94	8	50	83.610,00
1.6.2007	1.750,00	1.760,00	1.700,00	1.700,00	1.715,35	-1,73	18	159	272.740,12
31.5.2007	1.800,03	1.800,03	1.720,00	1.730,00	1.741,10	-3,89	7	64	111.430,25
30.5.2007	1.780,00	1.800,00	1.780,00	1.800,00	1.791,27	3,45	4	55	98.519,93
29.5.2007	1.800,00	1.840,00	1.730,00	1.740,00	1.750,12	-1,69	9	85	148.760,13
28.5.2007	1.783,04	1.790,00	1.770,00	1.770,00	1.780,80	-0,73	13	91	162.052,55
25.5.2007	1.800,00	1.800,00	1.783,04	1.783,04	1.798,74	-0,39	3	91	163.685,20
24.5.2007	1.790,00	1.790,01	1.790,00	1.790,00	1.790,00	-2,72	7	43	76.970,06
23.5.2007	1.899,99	1.900,00	1.781,00	1.840,00	1.819,21	-3,16	20	177	322.000,56
22.5.2007	1.840,00	1.904,99	1.840,00	1.899,99	1.862,77	5,56	30	326	607.261,65
21.5.2007	1.897,46	1.897,47	1.800,00	1.800,00	1.830,65	-5,14	11	88	161.097,06
18.5.2007	1.841,01	1.904,99	1.830,00	1.897,49	1.855,52	3,12	18	139	257.917,34
17.5.2007	1.800,00	1.944,00	1.800,00	1.840,02	1.880,42	2,34	44	533	1.002.261,25
16.5.2007	1.705,01	1.799,00	1.705,01	1.798,00	1.768,09	3,93	13	131	231.620,09
15.5.2007	1.681,00	1.730,00	1.681,00	1.730,00	1.720,62	1,76	9	113	194.430,00
14.5.2007	1.700,00	1.700,00	1.700,00	1.700,00	1.700,00	-1,73	2	15	25.500,00
11.5.2007	1.700,00	1.730,00	1.700,00	1.730,00	1.702,14	4,15	2	42	71.490,00
10.5.2007	1.675,00	1.679,90	1.661,01	1.661,01	1.674,10	-0,54	8	88	147.320,86
9.5.2007	1.670,01	1.670,01	1.670,01	1.670,01	1.670,01	-1,76	1	2	3.340,02
8.5.2007	1.610,00	1.700,00	1.610,00	1.700,00	1.661,14	0,59	5	175	290.699,89
7.5.2007	1.740,00	1.750,00	1.690,01	1.690,01	1.705,72	-0,88	8	89	151.809,23
4.5.2007	1.740,01	1.740,01	1.701,00	1.705,00	1.707,80	-2,57	9	74	126.377,31
3.5.2007	1.750,00	1.750,00	1.750,00	1.750,00	1.750,00	0,00	1	2	3.500,00
2.5.2007	1.750,00	1.795,43	1.750,00	1.750,00	1.765,14	1,03	6	51	90.022,32
30.4.2007	1.732,15	1.732,15	1.732,15	1.732,15	1.732,15	-3,53	1	7	12.125,05
27.4.2007	1.730,00	1.795,49	1.730,00	1.795,49	1.778,26	4,33	2	19	33.786,86
26.4.2007	1.725,00	1.725,00	1.721,00	1.721,00	1.723,11	0,00	4	19	32.739,00
25.4.2007	1.750,00	1.760,00	1.720,00	1.721,00	1.722,60	-1,77	15	162	279.060,90
24.4.2007	1.804,00	1.805,00	1.752,00	1.752,00	1.791,78	-2,88	9	45	80.630,05
23.4.2007	1.898,00	1.898,00	1.804,01	1.804,01	1.830,83	0,00	5	42	76.894,98
20.4.2007	1.919,00	1.919,00	1.804,01	1.804,01	1.861,51	-5,05	2	4	7.446,02
19.4.2007	1.850,00	1.900,00	1.740,00	1.900,00	1.792,69	-3,01	10	114	204.366,27
18.4.2007	1.979,00	1.979,00	1.920,00	1.958,98	1.933,07	-1,01	12	93	179.775,94
17.4.2007	1.879,00	2.000,00	1.860,00	1.979,00	1.935,48	6,97	16	201	389.030,72
16.4.2007	1.798,49	1.850,00	1.798,49	1.850,00	1.802,07	2,86	12	196	353.206,34
13.4.2007	1.798,50	1.798,50	1.720,11	1.798,50	1.793,07	2,77	8	87	155.997,22
12.4.2007	1.745,00	1.799,00	1.745,00	1.750,01	1.771,86	0,00	15	179	317.163,14
11.4.2007	1.603,50	1.750,00	1.603,50	1.750,00	1.656,52	9,37	28	703	1.164.531,62
10.4.2007	1.591,01	1.600,04	1.591,00	1.600,04	1.592,32	-1,23	4	55	87.577,62
5.4.2007	1.562,53	1.620,00	1.562,53	1.620,00	1.580,40	3,70	8	104	164.361,38
4.4.2007	1.562,02	1.590,00	1.562,02	1.562,17	1.572,74	-2,36	10	92	144.692,44
3.4.2007	1.600,00	1.600,00	1.560,00	1.600,00	1.576,67	0,00	25	434	684.276,17
2.4.2007	1.600,00	1.620,00	1.565,03	1.600,00	1.599,78	2,24	13	206	329.555,09
30.3.2007	1.540,01	1.600,00	1.540,01	1.565,01	1.594,80	0,97	17	276	440.165,43
29.3.2007	1.512,00	1.550,00	1.512,00	1.550,00	1.525,10	2,58	3	29	44.228,00
28.3.2007	1.550,00	1.551,00	1.511,00	1.511,00	1.512,86	-2,58	7	589	891.074,00
27.3.2007	1.549,99	1.600,00	1.549,99	1.551,00	1.552,17	3,40	8	141	218.855,50
26.3.2007	1.550,00	1.550,00	1.480,00	1.500,00	1.508,24	-3,23	8	34	51.280,07
23.3.2007	1.490,00	1.550,00	1.490,00	1.550,00	1.538,44	6,16	4	32	49.230,00
21.3.2007	1.515,01	1.550,00	1.460,00	1.460,00	1.505,48	-5,87	21	261	392.931,40
20.3.2007	1.560,00	1.560,00	1.551,00	1.551,00	1.551,90	0,00	4	10	15.519,00
19.3.2007	1.551,04	1.551,04	1.551,00	1.551,00	1.551,03	0,00	3	61	94.612,77
16.3.2007	1.600,00	1.600,00	1.540,00	1.551,00	1.576,26	-3,06	3	34	53.593,00
15.3.2007	1.600,00	1.600,00	1.600,00	1.600,00	1.600,00	4,58	5	50	80.000,00
14.3.2007	1.530,00	1.530,00	1.501,01	1.530,00	1.503,65	1,32	6	121	181.942,17
13.3.2007	1.499,99	1.599,98	1.499,99	1.510,00	1.521,83	2,03	10	114	173.488,76
12.3.2007	1.420,00	1.500,00	1.415,02	1.480,00	1.469,03	5,71	6	62	91.080,08
9.3.2007	1.480,00	1.550,00	1.400,00	1.400,00	1.486,77	-5,41	16	192	285.459,98
8.3.2007	1.450,00	1.499,99	1.450,00	1.480,00	1.473,55	4,45	14	203	299.131,36
7.3.2007	1.420,00	1.420,00	1.415,00	1.417,01	1.417,00	-1,60	3	11	15.587,01
6.3.2007	1.449,99	1.460,00	1.440,00	1.440,00	1.449,44	0,00	6	144	208.719,91
5.3.2007	1.430,00	1.465,00	1.400,00	1.440,00	1.424,82	2,86	12	179	255.042,00
2.3.2007	1.351,10	1.400,00	1.351,10	1.400,00	1.391,85	0,00	3	42	58.457,70
1.3.2007	1.325,00	1.400,00	1.325,00	1.400,00	1.358,87	4,48	15	225	305.744,76
28.2.2007	1.360,00	1.400,00	1.311,01	1.340,00	1.381,67	-4,29	15	1.955	2.701.163,32
27.2.2007	1.370,01	1.425,00	1.370,01	1.400,00	1.399,82	0,00	7	57	79.790,02
26.2.2007	1.400,00	1.400,00	1.395,00	1.400,00	1.399,28	-1,75	6	69	96.550,00
23.2.2007	1.430,00	1.430,00	1.420,00	1.425,00	1.427,69	-1,72	4	65	92.800,00
22.2.2007	1.405,01	1.450,00	1.405,01	1.450,00	1.422,46	3,57	3	49	69.700,30
21.2.2007	1.390,00	1.400,01	1.390,00	1.400,00	1.399,29	1,45	8	156	218.289,89
20.2.2007	1.380,00	1.380,00	1.380,00	1.380,00	1.380,00	3,22	2	14	19.320,00
19.2.2007	1.350,00	1.350,00	1.330,00	1.337,00	1.345,64	-0,96	8	90	121.108,00
16.2.2007	1.301,00	1.350,00	1.300,02	1.350,00	1.330,86	3,85	21	441	586.910,94
15.2.2007	1.301,00	1.302,00	1.300,01	1.300,01	1.300,90	-2,25	5	103	133.993,16
14.2.2007	1.330,00	1.330,00	1.330,00	1.330,00	1.330,00	-0,75	2	19	25.270,00
13.2.2007	1.332,55	1.340,00	1.332,00	1.340,00	1.338,00	0,00	8	81	108.377,85
12.2.2007	1.330,00	1.340,00	1.330,00	1.340,00	1.334,10	1,52	6	50	66.705,00
9.2.2007	1.320,00	1.320,00	1.320,00	1.320,00	1.320,00	3,53	1	200	264.000,00
8.2.2007	1.275,00	1.275,00	1.275,00	1.275,00	1.275,00	-0,08	1	1	1.275,00
7.2.2007	1.339,85	1.345,00	1.275,00	1.276,00	1.284,06	-3,92	13	894	1.147.949,80
6.2.2007	1.305,00	1.329,00	1.305,00	1.328,00	1.321,04	4,98	11	623	823.006,85
5.2.2007	1.300,00	1.300,00	1.265,00	1.265,00	1.290,39	-0,47	6	119	153.557,00
2.2.2007	1.300,00	1.300,00	1.261,00	1.271,00	1.289,37	1,68	8	76	97.992,00
1.2.2007	1.313,00	1.313,00	1.235,00	1.250,00	1.262,76	-6,02	21	983	1.241.295,07
31.1.2007	1.339,00	1.339,00	1.311,01	1.330,00	1.319,63	1,76	7	48	63.342,21
30.1.2007	1.339,00	1.340,00	1.307,02	1.307,02	1.336,83	0,08	4	29	38.768,04
29.1.2007	1.301,16	1.306,00	1.301,16	1.306,00	1.304,20	-2,54	3	25	32.604,96
26.1.2007	1.300,00	1.340,00	1.300,00	1.340,00	1.316,91	3,08	10	145	190.951,45
25.1.2007	1.263,03	1.335,00	1.263,03	1.300,00	1.296,24	2,93	15	405	524.979,20
24.1.2007	1.260,06	1.263,01	1.260,06	1.263,01	1.261,59	1,98	2	25	31.539,85
23.1.2007	1.236,00	1.238,51	1.236,00	1.238,51	1.236,54	0,69	3	16	19.784,63
22.1.2007	1.340,00	1.340,00	1.230,00	1.230,00	1.283,89	-8,55	9	72	92.439,95
19.1.2007	1.328,00	1.345,00	1.328,00	1.345,00	1.337,02	3,46	3	49	65.514,00
18.1.2007	1.290,00	1.300,00	1.261,00	1.300,00	1.270,37	3,44	35	2.569	3.263.592,12
17.1.2007	1.165,00	1.256,82	1.165,00	1.256,82	1.246,25	7,88	12	109	135.841,38
16.1.2007	1.100,00	1.225,00	1.099,45	1.165,00	1.142,57	-2,51	26	811	926.624,43
15.1.2007	1.250,00	1.253,00	1.195,00	1.195,00	1.221,61	-4,40	23	336	410.460,50
12.1.2007	1.350,00	1.380,00	1.214,00	1.250,00	1.325,07	-6,72	41	476	630.734,06
11.1.2007	1.295,00	1.376,75	1.295,00	1.339,99	1.334,95	3,88	41	413	551.335,44
10.1.2007	1.250,00	1.289,90	1.203,00	1.289,90	1.251,65	7,31	17	201	251.581,00
9.1.2007	1.149,99	1.202,25	1.105,00	1.202,00	1.187,94	7,42	36	822	976.489,75
8.1.2007	1.050,00	1.118,99	1.050,00	1.118,99	1.092,96	6,57	16	473	516.969,01
5.1.2007	1.049,00	1.050,00	1.049,00	1.050,00	1.049,76	0,00	10	63	66.134,97
4.1.2007	1.044,99	1.050,00	1.044,99	1.050,00	1.049,52	4,97	4	95	99.704,43
3.1.2007	1.012,05	1.012,05	1.000,24	1.000,24	1.011,09	-2,89	5	96	97.064,93
2.1.2007	1.050,00	1.050,00	1.030,00	1.030,00	1.031,38	-1,90	5	71	73.228,30
29.12.2006	1.050,00	1.050,00	1.050,00	1.050,00	1.050,00	0,00	1	45	47.250,00
28.12.2006	999,00	1.050,00	999,00	1.050,00	1.021,77	6,06	19	340	347.400,70
27.12.2006	950,00	990,02	949,99	990,00	983,23	10,00	25	303	297.919,13
22.12.2006	900,01	900,02	900,01	900,02	900,02	0,00	2	496	446.409,91
19.12.2006	900,00	900,00	900,00	900,00	900,00	0,00	2	33	29.700,00
15.12.2006	890,00	900,00	890,00	900,00	899,96	0,00	2	2.239	2.015.010,00
14.12.2006	900,00	900,00	900,00	900,00	900,00	3,09	1	1.070	963.000,00
13.12.2006	885,00	885,00	873,00	873,00	877,22	-3,00	4	27	23.685,00
12.12.2006	901,03	901,03	900,00	900,00	900,02	-0,11	6	928	835.220,75
11.12.2006	901,01	901,04	901,01	901,03	901,03	0,00	5	53	47.754,35
8.12.2006	901,00	901,00	901,00	901,00	901,00	0,11	1	8	7.208,00
7.12.2006	901,00	901,00	900,00	900,00	900,68	0,00	3	22	19.815,00
5.12.2006	905,00	905,00	900,00	900,00	901,29	-0,66	3	78	70.300,45
4.12.2006	906,01	906,01	906,00	906,00	906,00	-0,44	2	8	7.248,01
1.12.2006	932,00	932,00	910,00	910,00	911,96	-4,21	3	560	510.700,00
30.11.2006	950,00	950,00	950,00	950,00	950,00	1,60	5	26	24.700,00
29.11.2006	950,50	950,50	935,00	935,00	936,94	-1,63	3	16	14.991,00
28.11.2006	951,07	951,07	950,50	950,50	950,93	-0,06	6	27	25.675,07
27.11.2006	951,06	951,06	951,05	951,05	951,06	0,00	4	19	18.070,10
23.11.2006	951,01	951,01	951,01	951,01	951,01	-4,90	1	12	11.412,12
22.11.2006	927,00	1.000,00	927,00	1.000,00	986,92	7,99	11	153	150.998,63
21.11.2006	949,99	969,99	926,00	926,00	955,99	0,43	5	17	16.251,88
20.11.2006	922,01	922,01	922,01	922,01	922,01	0,00	1	10	9.220,10
17.11.2006	945,00	949,98	922,00	922,01	923,23	-3,96	6	639	589.943,92
16.11.2006	900,01	959,99	900,01	959,99	940,00	6,67	2	3	2.819,99
15.11.2006	873,10	900,00	873,10	900,00	877,76	0,00	4	52	45.643,30
14.11.2006	900,00	900,00	900,00	900,00	900,00	0,00	1	2	1.800,00
13.11.2006	907,00	907,00	900,00	900,00	900,98	-5,36	8	56	50.455,10
10.11.2006	960,01	960,01	951,00	951,00	959,55	-0,94	8	120	115.146,29
9.11.2006	960,02	960,02	960,01	960,01	960,01	0,00	3	10	9.600,14
8.11.2006	960,00	960,02	960,00	960,02	960,01	0,00	2	20	19.200,20
7.11.2006	960,75	960,75	960,00	960,00	960,11	-0,08	6	163	156.497,25
6.11.2006	960,75	960,75	960,75	960,75	960,75	0,00	2	22	21.136,50
3.11.2006	986,99	987,00	960,75	960,75	972,95	1,03	5	25	24.323,66
2.11.2006	951,00	951,00	951,00	951,00	951,00	1,17	1	15	14.265,00
31.10.2006	941,00	941,00	940,01	940,01	940,89	0,43	2	56	52.690,06
30.10.2006	935,00	950,00	935,00	936,00	936,02	-5,45	6	1.176	1.100.764,00
27.10.2006	950,00	990,00	912,00	990,00	914,80	4,21	4	1.633	1.493.876,00
26.10.2006	950,00	950,01	950,00	950,00	950,00	-3,06	3	150	142.500,50
25.10.2006	986,00	986,00	980,00	980,00	982,00	-0,51	7	158	155.156,50
24.10.2006	998,00	1.049,90	980,00	985,00	998,92	-1,20	16	327	326.648,32
23.10.2006	935,00	998,00	930,00	997,00	960,06	7,20	11	172	165.129,97
20.10.2006	932,06	950,01	930,00	930,00	930,89	-2,11	16	1.325	1.233.434,68
19.10.2006	950,00	950,00	950,00	950,00	950,00	-1,55	1	10	9.500,00
18.10.2006	970,01	1.000,00	965,00	965,00	969,91	-1,63	11	245	237.627,20
17.10.2006	981,00	1.000,00	981,00	981,00	991,25	0,10	7	96	95.160,00
16.10.2006	1.000,00	1.000,01	980,00	980,00	997,90	-1,01	5	95	94.800,10
13.10.2006	1.002,11	1.049,90	990,00	990,00	1.005,76	-2,94	13	271	272.562,06
12.10.2006	1.005,01	1.020,00	1.000,00	1.020,00	1.003,46	2,00	8	97	97.335,25
11.10.2006	926,07	1.000,02	926,07	1.000,02	988,92	0,00	4	20	19.778,47
10.10.2006	921,02	1.000,00	921,02	1.000,00	992,44	0,10	3	34	33.743,06
9.10.2006	900,00	999,00	900,00	999,00	908,46	12,39	6	68	61.775,00
6.10.2006	900,00	900,00	888,88	888,88	891,90	-3,38	4	37	33.000,26
5.10.2006	888,89	920,00	888,88	920,00	910,18	0,55	4	19	17.293,33
4.10.2006	915,00	915,00	915,00	915,00	915,00	1,67	1	3	2.745,00
3.10.2006	933,33	933,33	900,00	900,00	918,58	-5,26	12	146	134.113,12
2.10.2006	988,03	988,03	950,00	950,00	971,36	-4,62	9	116	112.677,70
29.9.2006	1.024,00	1.024,00	996,00	996,00	1.014,00	-2,54	6	164	166.296,50
28.9.2006	1.013,00	1.032,00	1.012,01	1.022,00	1.019,09	0,99	8	120	122.290,63
27.9.2006	1.000,00	1.030,00	971,01	1.012,01	1.007,68	1,20	7	126	126.967,12
26.9.2006	1.031,00	1.097,00	1.000,00	1.000,00	1.012,80	-3,01	29	554	561.089,65
25.9.2006	1.099,00	1.100,00	1.031,00	1.031,00	1.079,96	-4,10	10	490	529.180,24
22.9.2006	1.100,00	1.118,99	1.075,10	1.075,10	1.101,06	0,01	19	266	292.882,75
21.9.2006	1.099,95	1.100,00	1.075,01	1.075,01	1.097,54	-0,18	16	411	451.088,32
20.9.2006	1.098,99	1.100,00	1.075,00	1.077,00	1.097,78	-0,74	31	749	822.240,57
19.9.2006	1.080,00	1.100,00	1.080,00	1.085,00	1.094,58	-1,36	11	267	292.253,00
18.9.2006	1.100,00	1.100,00	1.075,00	1.100,00	1.092,63	0,00	13	268	292.825,77
15.9.2006	1.075,11	1.100,00	1.075,00	1.100,00	1.088,99	2,32	17	235	255.912,71
14.9.2006	1.099,99	1.100,00	1.070,03	1.075,01	1.096,06	-2,27	11	247	270.727,75
13.9.2006	1.060,00	1.110,00	1.051,03	1.100,00	1.090,34	4,66	24	713	777.412,56
12.9.2006	1.060,04	1.060,04	1.051,02	1.051,02	1.058,85	-4,45	13	139	147.180,01
11.9.2006	1.079,99	1.099,99	1.026,01	1.099,99	1.073,04	4,26	12	207	222.120,12
8.9.2006	1.050,07	1.055,00	1.021,00	1.055,00	1.049,01	0,48	11	294	308.408,66
7.9.2006	1.099,97	1.099,97	1.010,01	1.049,99	1.052,85	-4,54	12	166	174.773,38
6.9.2006	958,00	1.100,01	958,00	1.099,98	1.058,25	14,82	50	850	899.516,18
5.9.2006	935,00	960,00	917,00	958,00	947,05	4,70	25	1.413	1.338.188,17
4.9.2006	925,00	925,00	915,01	915,01	924,52	2,81	3	21	19.415,01
1.9.2006	924,98	944,43	890,02	890,02	930,71	-3,78	16	257	239.193,17
31.8.2006	835,05	924,99	835,05	924,98	886,67	8,82	32	625	554.167,17
30.8.2006	848,48	855,00	848,48	850,00	851,51	0,00	11	202	172.005,61
29.8.2006	820,00	850,00	815,16	850,00	838,75	4,29	8	114	95.617,55
28.8.2006	855,00	855,00	801,01	815,04	831,66	-8,32	17	277	230.370,89
25.8.2006	850,00	889,99	850,00	889,00	870,35	4,59	12	122	106.182,38
24.8.2006	820,00	862,00	820,00	850,00	844,83	6,09	25	562	474.794,00
23.8.2006	800,09	801,17	800,00	801,17	800,28	0,02	6	68	54.418,88
22.8.2006	800,00	825,00	800,00	801,01	806,61	0,38	18	348	280.700,14
21.8.2006	770,00	799,98	757,03	798,00	777,87	7,69	15	267	207.690,87
18.8.2006	741,02	741,02	741,02	741,02	741,02	0,14	1	3	2.223,06
17.8.2006	750,05	750,05	740,00	740,00	742,40	-1,33	3	92	68.300,90
16.8.2006	750,00	750,01	750,00	750,01	750,00	0,00	3	50	37.500,07
11.8.2006	750,55	760,00	750,00	750,00	751,08	-0,07	18	270	202.791,65
10.8.2006	750,53	750,53	750,53	750,53	750,53	-1,25	2	17	12.759,01
9.8.2006	760,01	781,85	760,00	760,00	762,22	-1,30	14	222	169.211,83
8.8.2006	760,00	770,00	750,00	770,00	761,62	1,05	4	37	28.180,00
7.8.2006	769,75	770,00	760,10	762,00	763,56	4,53	12	266	203.105,69
4.8.2006	749,89	750,00	715,02	729,00	734,77	2,68	12	132	96.989,09
3.8.2006	739,90	744,49	701,01	710,00	738,42	4,25	10	122	90.087,04
1.8.2006	700,00	700,00	681,03	681,03	690,83	-2,71	3	11	7.599,13
28.7.2006	699,99	700,00	699,99	700,00	700,00	1,45	3	27	18.899,93
27.7.2006	690,02	690,02	690,01	690,01	690,02	-1,43	2	28	19.320,50
25.7.2006	678,02	700,00	678,02	700,00	688,40	3,32	2	36	24.782,38
24.7.2006	680,03	680,03	676,00	677,50	678,00	-4,58	3	105	71.189,78
21.7.2006	675,23	710,00	675,23	710,00	707,95	5,81	3	119	84.246,61
20.7.2006	700,00	700,00	671,00	671,00	697,15	-4,14	4	61	42.526,00
19.7.2006	690,00	702,00	690,00	700,00	699,74	6,03	8	252	176.335,00
18.7.2006	657,01	660,20	657,01	660,20	658,17	-0,42	3	76	50.020,56
17.7.2006	663,00	663,00	663,00	663,00	663,00	0,00	1	4	2.652,00
14.7.2006	663,00	663,00	663,00	663,00	663,00	1,37	4	22	14.586,00
13.7.2006	654,01	654,01	654,01	654,01	654,01	0,08	1	10	6.540,10
11.7.2006	653,50	655,00	653,50	653,51	654,26	0,08	5	71	46.452,59
10.7.2006	652,11	653,01	652,10	653,01	652,46	0,15	3	49	31.970,39
7.7.2006	650,00	669,98	650,00	652,00	654,18	0,93	11	251	164.198,04
6.7.2006	648,99	652,00	646,00	646,00	649,73	0,94	8	323	209.862,79
5.7.2006	649,49	649,49	640,00	640,00	644,75	-1,54	2	18	11.605,41
4.7.2006	630,03	649,99	620,00	649,99	632,86	5,52	6	175	110.750,23
30.6.2006	622,01	650,00	616,00	616,00	628,97	-0,65	8	157	98.747,72
29.6.2006	620,00	620,00	620,00	620,00	620,00	-4,62	2	21	13.020,00
28.6.2006	645,00	650,00	640,00	650,00	647,33	1,56	3	60	38.840,00
27.6.2006	651,00	651,00	640,01	640,01	649,88	-1,69	5	49	31.844,05
26.6.2006	655,00	655,00	651,00	651,00	654,81	0,00	3	21	13.751,00
23.6.2006	651,00	651,00	651,00	651,00	651,00	0,00	1	2	1.302,00
21.6.2006	661,01	661,01	651,00	651,00	656,52	-1,51	8	103	67.621,55
19.6.2006	680,00	680,00	661,00	661,00	678,04	-0,30	3	56	37.970,04
16.6.2006	663,02	663,02	663,02	663,02	663,02	-5,28	1	13	8.619,26
14.6.2006	703,01	703,01	700,00	700,00	701,85	-0,43	7	189	132.649,36
13.6.2006	703,01	703,01	703,01	703,01	703,01	0,00	4	66	46.398,66
12.6.2006	703,33	703,33	703,00	703,01	703,18	0,14	3	19	13.360,38
9.6.2006	700,01	720,00	700,01	702,03	709,46	0,29	3	11	7.804,10
8.6.2006	705,01	705,01	700,00	700,00	701,59	-6,03	6	117	82.086,30
7.6.2006	700,01	744,90	700,01	744,90	725,94	11,15	3	26	18.874,56
6.6.2006	700,00	700,00	670,18	670,18	681,65	-2,87	4	26	17.722,98
5.6.2006	690,01	690,01	690,01	690,01	690,01	-1,43	1	20	13.800,20
2.6.2006	738,00	749,00	700,00	700,00	715,31	0,00	7	157	112.303,00
1.6.2006	698,99	715,00	698,99	700,00	704,66	6,06	3	30	21.139,90
31.5.2006	649,33	660,00	649,33	660,00	656,59	4,21	3	47	30.859,95
30.5.2006	633,33	633,33	633,33	633,33	633,33	-2,56	2	13	8.233,29
29.5.2006	649,99	650,00	649,99	650,00	650,00	1,57	2	338	219.699,70
26.5.2006	650,00	650,00	612,00	639,98	629,59	4,57	11	166	104.511,84
25.5.2006	680,01	680,01	610,01	612,00	653,90	-12,57	16	257	168.052,75
24.5.2006	705,51	705,51	700,00	700,00	702,10	-0,72	11	274	192.374,28
23.5.2006	740,00	740,00	705,05	705,10	723,86	-4,72	9	100	72.386,45
22.5.2006	735,35	740,00	735,00	740,00	735,97	-0,80	9	69	50.781,65
19.5.2006	740,00	746,00	722,22	746,00	740,48	0,81	6	147	108.849,98
18.5.2006	740,01	740,01	730,00	740,00	737,65	2,49	8	119	87.780,57
17.5.2006	722,00	722,00	722,00	722,00	722,00	-0,41	1	1	722,00
16.5.2006	730,02	730,02	725,00	725,00	728,79	-0,14	8	136	99.115,89
15.5.2006	735,01	735,01	726,00	726,00	733,01	-4,72	4	55	40.315,30
12.5.2006	770,08	770,08	761,00	762,00	766,65	-1,05	9	150	114.998,14
11.5.2006	775,01	775,05	770,07	770,08	771,72	-3,74	7	117	90.291,79
10.5.2006	812,05	814,01	768,00	800,00	797,16	-1,48	18	402	320.457,19
9.5.2006	820,00	820,00	810,00	812,00	814,05	-4,47	14	279	227.119,91
8.5.2006	810,13	850,00	810,12	850,00	832,42	4,92	9	95	79.080,26
5.5.2006	806,01	810,11	806,01	810,11	807,38	0,75	2	15	12.110,65
4.5.2006	770,00	804,99	765,04	804,10	789,77	5,25	14	174	137.419,15
3.5.2006	766,04	766,04	764,02	764,02	765,64	-0,13	5	149	114.080,00
2.5.2006	766,00	769,00	765,00	765,00	766,85	-0,65	5	104	79.752,00
28.4.2006	751,07	796,00	751,07	770,00	770,82	1,31	18	245	188.850,65
27.4.2006	850,00	860,00	750,07	760,01	817,92	-10,17	45	780	637.979,12
26.4.2006	845,01	860,02	845,01	846,01	852,08	1,68	7	101	86.060,06
25.4.2006	833,00	833,00	832,03	832,03	832,22	0,00	3	65	54.094,56
24.4.2006	830,30	850,00	830,28	832,03	836,95	-2,00	14	103	86.206,22
21.4.2006	850,00	850,00	830,30	849,00	845,71	2,26	4	28	23.679,80
20.4.2006	830,16	830,21	830,15	830,21	830,16	0,63	4	59	48.979,62
19.4.2006	842,00	842,00	825,00	825,00	830,05	-2,02	11	213	176.800,72
18.4.2006	845,88	846,56	842,00	842,00	845,71	-0,42	13	290	245.254,58
13.4.2006	845,56	845,56	845,56	845,56	845,56	-4,99	1	9	7.610,04
12.4.2006	840,06	890,00	840,06	890,00	872,17	5,95	5	26	22.676,36
11.4.2006	911,10	911,10	840,00	840,00	900,78	-7,80	7	183	164.842,49
10.4.2006	930,00	975,00	911,10	911,10	946,17	-2,03	13	202	191.125,44
7.4.2006	948,99	948,99	900,03	930,00	926,38	3,33	6	83	76.889,27
6.4.2006	850,00	930,00	820,01	900,00	877,53	11,80	40	664	582.682,97
5.4.2006	799,99	844,00	799,99	805,00	813,65	1,26	28	426	346.616,66
4.4.2006	800,00	800,00	790,00	795,00	797,40	1,92	14	438	349.259,90
3.4.2006	800,00	800,00	780,00	780,01	780,23	2,23	3	176	137.320,02
31.3.2006	780,00	800,00	755,50	763,02	791,37	1,06	28	984	778.708,11
30.3.2006	750,75	760,00	750,21	755,02	755,43	0,66	6	51	38.527,14
29.3.2006	770,00	770,00	750,04	750,07	763,81	0,00	8	109	83.255,45
28.3.2006	760,00	760,00	749,03	750,04	751,38	0,14	4	17	12.773,48
27.3.2006	765,00	765,00	745,31	749,02	748,55	-0,13	8	104	77.849,02
24.3.2006	770,00	770,00	750,00	750,00	756,71	-0,66	6	116	87.777,94
23.3.2006	751,00	770,00	751,00	755,00	765,56	0,53	5	273	208.998,24
22.3.2006	761,00	761,00	750,00	751,05	750,99	-1,31	10	130	97.628,56
21.3.2006	745,22	761,00	745,22	761,00	751,83	2,15	3	24	18.043,86
20.3.2006	745,00	746,01	745,00	745,00	745,46	0,00	8	35	26.091,15
17.3.2006	745,00	745,00	744,04	745,00	744,35	0,39	4	43	32.007,26
16.3.2006	740,00	742,13	740,00	742,13	740,91	-2,48	5	23	17.040,82
15.3.2006	761,04	761,04	761,04	761,04	761,04	-1,16	2	9	6.849,36
14.3.2006	761,02	770,00	761,02	770,00	768,96	1,18	5	43	33.065,10
13.3.2006	765,03	765,06	760,04	761,01	762,75	-4,51	11	98	74.749,29
10.3.2006	750,01	799,90	750,01	796,99	790,87	6,26	13	277	219.071,26
9.3.2006	751,00	751,00	750,00	750,01	750,19	0,00	11	82	61.515,27
8.3.2006	799,94	799,94	750,00	750,00	772,88	-6,24	14	102	78.833,60
7.3.2006	760,00	799,92	760,00	799,92	782,78	5,95	9	108	84.540,04
6.3.2006	771,99	800,00	751,01	755,00	795,05	0,67	14	407	323.585,86
3.3.2006	736,18	750,00	736,18	750,00	748,03	2,04	7	63	47.125,62
2.3.2006	731,01	735,00	731,01	735,00	732,01	0,68	2	16	11.712,12
1.3.2006	740,00	740,00	730,00	730,00	737,91	-1,35	5	43	31.730,00
28.2.2006	724,14	740,00	724,14	740,00	725,07	2,19	5	36	26.102,48
27.2.2006	741,00	741,00	724,13	724,13	735,05	-5,96	4	30	22.051,40
24.2.2006	779,99	780,00	770,00	770,00	776,52	2,67	3	23	17.859,88
23.2.2006	740,00	758,00	739,99	750,00	741,70	4,60	7	196	145.372,97
22.2.2006	755,02	755,02	717,00	717,00	732,67	-6,27	16	294	215.404,83
21.2.2006	775,01	775,01	765,00	765,00	773,19	-1,04	8	261	201.802,48
20.2.2006	760,00	775,00	760,00	773,01	770,46	-1,53	8	118	90.913,74
17.2.2006	795,09	810,00	785,00	785,00	792,51	-1,27	12	96	76.081,06
16.2.2006	795,00	796,00	787,00	795,09	788,29	-0,61	10	245	193.130,12
15.2.2006	782,01	845,00	782,01	800,00	789,99	0,00	23	895	707.040,00
14.2.2006	800,00	805,00	751,05	800,00	796,57	-0,62	10	121	96.384,45
13.2.2006	805,05	805,30	751,00	805,00	794,77	0,00	34	493	391.819,15
10.2.2006	790,00	820,00	790,00	805,01	813,56	0,63	27	936	761.495,70
9.2.2006	775,00	800,01	775,00	800,00	795,61	3,21	20	288	229.135,85
8.2.2006	790,00	800,00	775,11	775,11	793,71	-0,70	8	77	61.115,31
7.2.2006	755,01	820,00	752,05	780,59	780,28	4,08	34	584	455.683,63
6.2.2006	738,27	779,00	738,25	750,01	750,02	1,63	48	3.055	2.291.321,05
3.2.2006	750,00	750,00	721,11	738,00	733,90	-0,28	37	716	525.475,87
2.2.2006	740,00	750,00	736,20	740,08	741,94	-1,32	17	143	106.096,83
1.2.2006	795,00	795,00	750,00	750,00	764,78	-5,08	29	615	470.337,22
31.1.2006	790,11	790,13	790,00	790,13	790,10	-1,23	8	69	54.517,04
30.1.2006	812,04	812,04	791,91	800,00	803,73	-1,48	23	471	378.555,20
27.1.2006	820,00	850,01	801,17	812,04	846,50	1,51	15	387	327.595,05
26.1.2006	790,02	800,00	790,02	800,00	792,87	1,76	2	35	27.750,50
25.1.2006	805,00	810,00	786,15	786,15	806,29	1,96	11	686	553.112,40
24.1.2006	790,00	805,00	760,57	771,01	798,34	1,45	12	189	150.885,74
23.1.2006	812,00	812,00	760,00	760,00	800,50	-6,18	28	551	441.073,86
20.1.2006	859,99	860,00	810,01	810,02	837,13	-5,37	20	190	159.054,11
19.1.2006	850,00	856,01	850,00	856,00	853,39	0,71	11	385	328.556,00
18.1.2006	941,00	950,00	836,01	849,99	891,66	-10,53	36	632	563.528,87
17.1.2006	975,00	985,00	941,00	950,00	965,37	-3,06	12	245	236.516,00
16.1.2006	989,00	990,00	955,00	980,00	988,61	4,81	13	138	136.427,72
13.1.2006	1.000,00	1.000,00	935,01	935,01	978,21	-6,50	10	95	92.930,23
12.1.2006	909,01	1.000,00	909,00	1.000,00	982,35	11,11	17	176	172.894,04
11.1.2006	820,00	999,99	820,00	900,01	893,68	10,84	21	196	175.160,51
10.1.2006	802,00	829,50	801,50	812,00	810,92	1,31	6	29	23.516,70
9.1.2006	800,02	801,50	800,02	801,50	800,73	-3,38	4	52	41.638,04
5.1.2006	810,00	829,50	810,00	829,50	819,26	2,41	4	30	24.577,90
4.1.2006	805,00	810,00	805,00	810,00	808,67	1,25	5	60	48.520,00
3.1.2006	785,20	810,00	785,20	800,00	808,90	-0,25	13	697	563.806,00
2.1.2006	780,00	802,00	780,00	802,00	795,53	4,84	2	17	13.524,00
30.12.2005	765,00	765,00	765,00	765,00	765,00	-1,96	1	1	765,00
28.12.2005	742,00	780,29	741,24	780,29	748,47	0,00	4	30	22.454,01
27.12.2005	780,29	795,00	780,29	780,30	793,95	-0,09	3	70	55.576,47
23.12.2005	783,16	783,16	780,99	780,99	782,19	-0,28	6	38	29.723,22
22.12.2005	783,10	783,16	783,10	783,16	783,15	-2,35	5	46	36.024,82
21.12.2005	800,00	802,00	799,00	802,00	800,27	-0,37	8	183	146.450,00
20.12.2005	803,91	807,00	803,91	805,00	804,54	0,49	8	127	102.177,00
19.12.2005	801,16	801,16	801,05	801,05	801,15	-0,06	7	27	21.631,02
16.12.2005	802,00	810,00	801,04	801,50	804,03	-2,26	6	50	40.201,38
15.12.2005	810,00	820,00	810,00	820,00	819,97	0,00	6	1.019	835.550,00
14.12.2005	802,15	820,00	802,15	820,00	818,42	0,61	12	853	698.112,33
13.12.2005	801,05	815,00	801,04	815,00	813,43	1,62	15	394	320.491,70
12.12.2005	810,00	810,00	802,00	802,00	807,03	0,12	8	70	56.492,00
9.12.2005	802,85	804,00	801,02	801,02	802,42	-0,23	6	38	30.491,99
8.12.2005	815,00	831,00	802,85	802,85	822,79	-1,49	9	29	23.860,85
7.12.2005	803,00	825,00	802,10	815,00	811,80	1,61	11	68	55.202,73
6.12.2005	801,01	802,11	801,01	802,11	801,67	-5,08	4	29	23.248,54
5.12.2005	802,02	850,00	801,00	845,00	844,83	5,39	16	445	375.949,45
2.12.2005	825,00	825,00	801,81	801,81	820,44	-5,67	9	54	44.303,62
1.12.2005	850,00	850,00	825,00	850,00	844,83	0,00	4	29	24.500,00
30.11.2005	801,03	865,00	801,03	850,00	841,62	6,25	23	327	275.209,87
29.11.2005	800,01	800,03	800,00	800,02	800,01	0,00	8	45	36.000,36
28.11.2005	804,00	805,00	800,00	800,01	801,77	0,00	16	100	80.176,85
25.11.2005	804,01	810,00	800,00	800,01	805,65	-1,23	7	57	45.922,26
24.11.2005	811,01	811,01	804,01	810,00	809,33	-1,22	7	62	50.178,17
23.11.2005	819,00	820,00	803,01	820,00	817,04	2,24	10	135	110.300,59
22.11.2005	800,00	802,00	800,00	802,00	800,19	0,25	17	184	147.235,00
21.11.2005	780,00	800,00	736,01	800,00	793,19	6,67	12	120	95.183,03
18.11.2005	732,01	800,00	732,01	750,01	794,23	-2,60	22	197	156.463,00
17.11.2005	745,01	770,00	743,01	770,00	748,70	3,63	7	32	23.958,26
16.11.2005	741,01	750,00	741,01	743,01	746,77	1,92	5	25	18.669,25
15.11.2005	804,00	804,00	717,00	729,00	745,08	-9,33	12	53	39.489,06
14.11.2005	812,00	812,00	804,00	804,00	806,78	-1,23	11	71	57.281,10
11.11.2005	812,00	840,00	812,00	814,00	816,04	0,49	6	48	39.170,15
10.11.2005	810,00	810,00	805,02	810,00	809,10	0,62	9	42	33.982,11
9.11.2005	805,00	815,00	805,00	805,00	809,11	0,50	10	95	76.865,18
8.11.2005	800,00	801,02	800,00	801,02	800,07	0,13	5	22	17.601,46
7.11.2005	772,44	800,00	772,40	800,00	786,00	3,63	10	71	55.805,85
4.11.2005	771,01	800,00	771,01	772,01	778,66	-3,50	5	32	24.917,24
3.11.2005	775,02	800,00	760,01	800,00	784,43	3,22	9	88	69.030,11
2.11.2005	780,00	780,00	775,01	775,01	776,91	0,00	2	21	16.315,13
31.10.2005	775,01	775,01	775,00	775,01	775,01	0,65	5	35	27.125,26
28.10.2005	772,00	772,00	770,00	770,00	771,38	-5,75	9	53	40.882,91
26.10.2005	770,01	817,00	770,01	817,00	793,20	7,35	14	122	96.770,35
25.10.2005	761,03	761,05	761,03	761,05	761,03	0,01	4	21	15.981,70
24.10.2005	752,61	795,00	752,61	761,00	767,25	1,45	5	34	26.086,59
21.10.2005	750,00	750,11	750,00	750,11	750,05	0,55	4	80	60.003,88
20.10.2005	800,00	800,00	742,03	746,00	764,16	-0,53	13	60	45.849,86
19.10.2005	817,52	817,52	750,00	750,00	808,44	-11,76	6	103	83.269,30
18.10.2005	850,00	850,00	849,98	850,00	850,00	6,12	10	108	91.799,60
17.10.2005	820,00	898,00	801,00	801,00	867,19	0,13	15	177	153.493,37
14.10.2005	750,00	800,00	719,98	800,00	752,25	14,29	12	104	78.233,86
13.10.2005	750,00	750,00	700,00	700,00	709,46	-6,67	14	290	205.743,20
12.10.2005	716,00	750,00	711,02	750,00	728,95	5,63	10	251	182.967,10
11.10.2005	799,99	799,99	710,01	710,01	766,75	-8,27	9	70	53.672,48
10.10.2005	790,00	800,00	770,00	774,00	795,26	3,20	21	437	347.529,68
7.10.2005	710,00	750,00	691,00	750,00	744,74	7,14	10	191	142.245,50
6.10.2005	680,00	739,96	680,00	700,00	720,36	-5,41	14	309	222.591,41
5.10.2005	700,00	745,99	700,00	740,00	721,26	13,85	10	100	72.125,99
4.10.2005	650,00	650,00	650,00	650,00	650,00	0,00	2	12	7.800,00
3.10.2005	665,00	666,00	650,00	650,00	650,31	-2,26	12	5.384	3.501.287,64
30.9.2005	699,99	700,00	660,00	665,00	685,52	1,37	4	48	32.904,82
29.9.2005	653,00	656,00	653,00	656,00	654,18	0,77	4	23	15.046,10
28.9.2005	651,00	651,01	651,00	651,01	651,01	-1,51	2	24	15.624,21
27.9.2005	661,00	661,00	661,00	661,00	661,00	0,00	2	8	5.288,00
26.9.2005	660,00	661,00	660,00	661,00	660,56	0,15	3	18	11.890,00
23.9.2005	660,00	660,00	660,00	660,00	660,00	0,00	3	25	16.500,00
22.9.2005	660,00	660,00	660,00	660,00	660,00	1,54	1	5	3.300,00
21.9.2005	651,00	651,00	650,01	650,01	650,79	0,00	3	19	12.365,04
20.9.2005	625,01	650,01	625,01	650,00	644,24	-1,52	4	26	16.750,16
19.9.2005	650,00	660,00	650,00	660,00	658,24	1,54	3	17	11.190,00
16.9.2005	650,01	650,01	630,00	650,00	643,64	0,00	4	22	14.160,10
15.9.2005	615,01	650,00	615,00	650,00	635,20	5,52	3	26	16.515,08
14.9.2005	650,01	650,01	616,00	616,00	623,85	-5,23	2	13	8.110,03
13.9.2005	640,00	650,01	640,00	650,01	649,15	1,56	3	35	22.720,26
12.9.2005	650,00	650,00	640,00	640,00	644,85	0,00	4	33	21.280,00
8.9.2005	650,01	650,01	640,00	640,00	646,39	-1,54	4	36	23.270,14
7.9.2005	701,00	701,00	650,00	650,00	664,57	-7,28	3	14	9.304,00
6.9.2005	750,00	750,00	701,00	701,00	713,08	-12,15	11	149	106.248,62
5.9.2005	750,00	797,99	750,00	797,99	766,91	6,40	6	58	44.480,81
2.9.2005	701,01	750,00	701,01	750,00	705,46	6,99	2	11	7.760,10
1.9.2005	800,00	800,00	701,00	701,00	764,83	-6,53	10	168	128.491,98
31.8.2005	760,00	851,00	700,03	750,00	808,63	7,14	18	183	147.979,90
30.8.2005	747,00	748,00	700,00	700,00	742,19	7,69	8	125	92.773,99
29.8.2005	600,26	700,00	600,26	650,01	672,02	1,56	10	280	188.165,58
26.8.2005	610,00	650,00	610,00	640,00	643,78	6,67	15	414	266.524,00
25.8.2005	609,00	625,00	600,00	600,00	615,01	0,00	6	57	35.055,82
24.8.2005	600,00	600,00	600,00	600,00	600,00	0,00	3	8	4.800,00
23.8.2005	590,00	600,00	590,00	600,00	599,10	3,62	9	113	67.698,44
22.8.2005	581,01	581,01	579,05	579,05	580,32	-0,34	5	13	7.544,22
19.8.2005	580,00	581,01	580,00	581,01	580,73	0,09	2	18	10.453,13
18.8.2005	600,01	600,01	580,51	580,51	597,69	-3,25	7	99	59.171,22
17.8.2005	600,00	600,00	600,00	600,00	600,00	0,00	1	7	4.200,00
16.8.2005	600,00	600,01	600,00	600,01	600,00	0,00	3	28	16.800,11
12.8.2005	600,00	600,01	600,00	600,01	600,00	0,00	6	42	25.200,05
11.8.2005	600,00	600,00	600,00	600,00	600,00	0,00	3	32	19.200,00
10.8.2005	600,00	600,00	600,00	600,00	600,00	3,36	2	14	8.400,00
9.8.2005	581,03	581,03	580,51	580,51	580,96	0,06	5	27	15.686,05
8.8.2005	600,00	600,00	580,14	580,15	593,38	-3,31	4	24	14.241,19
4.8.2005	600,00	600,00	600,00	600,00	600,00	0,00	4	30	18.000,00
3.8.2005	600,00	600,00	577,00	600,00	598,15	4,70	3	62	37.085,00
1.8.2005	573,04	573,04	573,04	573,04	573,04	-0,34	1	1	573,04
29.7.2005	600,00	600,00	575,00	575,00	584,34	-4,17	8	198	115.700,20
28.7.2005	600,00	630,00	600,00	600,01	606,14	3,27	6	101	61.220,01
27.7.2005	580,00	600,00	580,00	581,00	594,18	-1,53	6	55	32.680,00
26.7.2005	600,00	600,00	590,00	590,00	598,57	-1,67	5	21	12.570,00
25.7.2005	575,01	610,00	575,01	600,00	600,07	3,45	14	252	151.218,60
22.7.2005	598,99	599,00	580,00	580,00	596,42	-3,17	3	37	22.067,70
21.7.2005	560,00	599,00	560,00	599,00	577,05	6,96	8	144	83.095,78
20.7.2005	560,01	560,01	560,00	560,00	560,00	0,90	4	63	35.280,10
19.7.2005	590,00	605,00	550,01	555,01	592,88	0,91	5	40	23.715,06
18.7.2005	560,00	570,00	541,00	550,00	551,86	0,00	4	28	15.452,00
15.7.2005	570,00	570,00	550,00	550,00	566,11	-9,84	6	68	38.495,36
14.7.2005	610,12	619,01	596,10	610,00	603,85	1,50	10	252	152.170,38
13.7.2005	625,00	650,00	595,01	601,01	606,25	1,86	25	4.912	2.977.889,99
12.7.2005	599,00	625,00	565,05	590,01	597,42	7,27	12	101	60.339,61
11.7.2005	515,00	550,00	515,00	550,00	548,96	20,84	10	6.592	3.618.750,33
8.7.2005	455,16	455,16	455,16	455,16	455,16	-10,75	1	8	3.641,28
7.7.2005	500,00	510,00	500,00	510,00	503,33	13,33	5	48	24.160,00
5.7.2005	450,00	500,00	445,00	450,00	483,82	-10,00	7	38	18.385,00
4.7.2005	500,01	500,01	450,00	500,00	485,72	-1,96	4	42	20.400,10
1.7.2005	540,00	540,00	500,01	510,00	531,27	-5,56	17	105	55.783,11
30.6.2005	540,00	541,00	540,00	540,00	540,26	0,00	3	19	10.265,00
29.6.2005	540,00	540,00	540,00	540,00	540,00	0,93	1	12	6.480,00
28.6.2005	600,00	600,00	535,00	535,00	540,65	-0,93	2	23	12.435,00
27.6.2005	540,00	600,00	540,00	540,01	548,94	-7,69	11	92	50.502,39
24.6.2005	602,05	602,62	530,00	585,00	576,51	-7,14	22	236	136.057,46
23.6.2005	688,00	688,00	602,00	630,00	661,04	-16,00	6	113	74.697,90
21.6.2005	599,98	750,00	599,98	749,99	695,55	39,66	30	337	234.401,25
20.6.2005	459,94	600,00	459,94	537,01	526,13	22,05	28	536	282.003,63
17.6.2005	444,00	444,00	440,00	440,00	441,20	4,76	2	10	4.412,00
16.6.2005	385,01	420,00	385,01	420,00	394,78	5,00	7	179	70.665,57
13.6.2005	365,50	400,00	365,50	400,00	397,80	0,00	5	159	63.250,79
10.6.2005	365,17	400,00	365,17	400,00	392,65	0,00	3	38	14.920,79
9.6.2005	389,00	400,00	389,00	400,00	395,73	11,11	11	366	144.836,97
8.6.2005	360,00	360,00	360,00	360,00	360,00	-7,69	2	20	7.200,00
7.6.2005	390,00	390,00	390,00	390,00	390,00	-2,50	2	25	9.750,00
6.6.2005	340,00	400,00	340,00	399,98	381,38	30,71	9	220	83.903,08
2.6.2005	305,01	306,00	305,01	306,00	305,67	-7,27	2	12	3.668,04
1.6.2005	293,01	330,00	293,01	330,00	317,67	13,40	2	18	5.718,06
31.5.2005	325,00	325,00	280,00	291,01	283,20	-11,82	11	11.569	3.276.365,71
27.5.2005	325,00	330,00	325,00	330,00	327,32	2,48	2	28	9.165,00
20.5.2005	325,00	325,00	322,01	322,01	324,16	-0,92	3	50	16.208,14
19.5.2005	325,00	325,00	325,00	325,00	325,00	-1,52	1	4	1.300,00
18.5.2005	330,00	330,00	330,00	330,00	330,00	0,00	1	23	7.590,00
17.5.2005	341,05	341,05	330,00	330,00	335,15	-5,71	4	14	4.692,10
16.5.2005	351,00	351,00	350,00	350,00	350,40	-0,28	3	40	14.016,00
13.5.2005	351,00	351,00	351,00	351,00	351,00	0,00	1	4	1.404,00
12.5.2005	351,00	351,00	351,00	351,00	351,00	0,00	2	9	3.159,00
9.5.2005	351,00	351,00	351,00	351,00	351,00	0,29	1	11	3.861,00
4.5.2005	350,03	350,06	350,00	350,00	350,04	0,00	5	36	12.601,36
3.5.2005	350,00	350,00	350,00	350,00	350,00	1,74	1	20	7.000,00
2.5.2005	355,00	355,00	344,00	344,00	345,00	0,86	2	110	37.950,00
29.4.2005	341,04	341,06	341,04	341,06	341,05	0,01	3	35	11.936,80
28.4.2005	341,02	341,03	341,02	341,03	341,02	0,30	3	21	7.161,50
27.4.2005	340,01	340,01	340,01	340,01	340,01	0,00	2	7	2.380,07
26.4.2005	340,01	340,01	340,01	340,01	340,01	0,00	2	24	8.160,24
21.4.2005	340,00	340,00	340,00	340,00	340,00	0,00	1	6	2.040,00
20.4.2005	360,00	360,00	340,00	340,00	356,00	-8,11	2	5	1.780,00
19.4.2005	370,00	370,00	370,00	370,00	370,00	0,00	2	12	4.440,00
15.4.2005	385,00	385,00	370,00	370,00	383,24	8,82	2	34	13.030,00
13.4.2005	340,00	340,00	340,00	340,00	340,00	0,00	1	3	1.020,00
12.4.2005	350,00	350,00	340,00	340,00	347,05	-2,86	5	44	15.270,00
11.4.2005	340,00	350,00	340,00	350,00	340,87	2,64	6	103	35.110,00
4.4.2005	345,00	345,00	341,00	341,00	344,12	0,00	3	50	17.206,00
1.4.2005	371,00	371,00	341,00	341,00	347,90	-8,09	4	20	6.958,00
31.3.2005	371,00	371,00	371,00	371,00	371,00	0,00	1	10	3.710,00
30.3.2005	371,00	371,00	371,00	371,00	371,00	-5,84	1	6	2.226,00
29.3.2005	345,00	394,00	345,00	394,00	392,11	23,13	2	207	81.166,00
24.3.2005	370,00	395,00	320,00	320,00	390,34	-0,31	3	145	56.600,00
22.3.2005	350,00	350,00	321,00	321,00	346,42	-7,24	6	67	23.210,07
21.3.2005	346,05	346,05	346,05	346,05	346,05	0,00	3	24	8.305,20
18.3.2005	370,00	370,00	346,04	346,05	357,67	-8,93	5	78	27.898,01
17.3.2005	380,00	380,00	315,01	380,00	370,75	-1,31	6	47	17.425,03
16.3.2005	391,00	400,00	385,06	385,06	389,32	-4,45	8	115	44.771,92
15.3.2005	402,00	403,01	402,00	403,01	402,17	0,75	3	35	14.076,06
14.3.2005	400,00	400,00	400,00	400,00	400,00	0,00	6	51	20.400,00
10.3.2005	400,00	400,00	400,00	400,00	400,00	0,00	2	14	5.600,00
9.3.2005	420,00	420,00	400,00	400,00	401,75	-2,44	7	114	45.800,00
8.3.2005	410,02	410,02	410,02	410,02	410,02	-5,74	1	9	3.690,18
7.3.2005	440,40	440,43	435,01	435,01	439,45	-1,19	10	163	71.631,10
4.3.2005	440,26	440,27	440,26	440,27	440,27	0,01	2	18	7.924,80
3.3.2005	440,50	440,50	440,23	440,23	440,38	0,02	4	21	9.248,07
1.3.2005	440,09	440,13	440,09	440,13	440,11	0,03	2	17	7.481,85
28.2.2005	440,00	440,01	440,00	440,01	440,01	1,01	2	18	7.920,13
25.2.2005	460,00	460,00	435,60	435,60	451,87	-5,31	2	9	4.066,80
24.2.2005	475,00	475,00	460,01	460,01	468,19	-8,91	3	11	5.150,05
23.2.2005	505,10	505,10	505,00	505,00	505,03	0,00	13	115	58.078,26
22.2.2005	506,00	506,00	505,00	505,00	505,14	-0,20	4	30	15.154,28
21.2.2005	505,02	525,00	505,02	506,00	515,52	0,00	6	43	22.167,26
18.2.2005	506,00	506,00	506,00	506,00	506,00	-3,62	1	8	4.048,00
17.2.2005	525,00	525,00	525,00	525,00	525,00	4,17	7	70	36.750,00
16.2.2005	506,00	506,01	504,00	504,00	505,08	0,00	9	222	112.128,10
15.2.2005	505,00	525,00	504,00	504,00	508,58	0,30	5	26	13.223,00
14.2.2005	500,00	502,50	500,00	502,50	500,43	0,50	3	23	11.510,00
11.2.2005	500,00	500,00	500,00	500,00	500,00	-12,28	3	15	7.500,00
10.2.2005	575,02	575,02	570,00	570,00	573,72	-0,88	5	117	67.125,44
9.2.2005	575,07	585,00	575,07	575,07	578,85	-1,70	6	34	19.680,77
8.2.2005	575,02	585,00	575,02	585,00	580,24	1,74	8	88	51.060,98
7.2.2005	573,00	580,00	573,00	575,01	576,36	2,50	3	14	8.069,06
4.2.2005	525,00	561,00	525,00	561,00	540,66	6,86	9	113	61.094,90
3.2.2005	520,00	530,00	502,00	525,00	518,03	4,79	4	30	15.541,00
2.2.2005	510,00	530,00	500,00	501,01	515,64	0,20	11	118	60.845,09
1.2.2005	500,00	505,00	500,00	500,00	500,36	0,00	9	56	28.020,00
31.1.2005	500,00	500,00	500,00	500,00	500,00	0,00	8	129	64.500,00
28.1.2005	482,50	500,00	482,50	500,00	494,70	4,16	22	798	394.771,60
27.1.2005	480,02	490,01	475,00	480,04	481,89	-0,41	7	107	51.561,71
26.1.2005	482,00	483,00	480,10	482,00	482,03	1,05	8	269	129.665,70
25.1.2005	475,01	500,00	475,00	477,00	479,18	3,25	6	49	23.480,02
24.1.2005	461,00	475,00	460,00	462,00	465,70	-4,15	8	70	32.599,04
21.1.2005	481,00	482,00	440,00	482,00	473,38	7,11	11	130	61.538,79
20.1.2005	481,00	482,00	450,00	450,00	479,46	-6,44	4	52	24.932,00
19.1.2005	482,00	482,00	480,00	481,00	480,89	0,21	9	76	36.548,00
18.1.2005	480,00	481,00	480,00	480,00	480,40	0,00	9	126	60.530,01
17.1.2005	480,00	480,01	480,00	480,01	480,00	0,00	7	41	19.680,12
14.1.2005	475,00	480,01	475,00	480,01	477,82	-4,00	3	16	7.645,09
13.1.2005	450,00	500,00	450,00	500,00	474,27	11,11	25	1.062	503.671,00
12.1.2005	468,00	468,00	450,00	450,00	456,92	-3,23	10	213	97.323,00
11.1.2005	475,00	480,00	460,00	465,00	466,03	-2,11	16	234	109.050,06
10.1.2005	460,00	475,00	460,00	475,00	466,77	2,15	4	46	21.471,60
7.1.2005	460,00	466,00	460,00	465,00	465,00	2,20	6	27	12.555,00
5.1.2005	460,00	460,00	447,00	455,00	451,50	-1,09	6	54	24.381,13
4.1.2005	455,00	460,00	455,00	460,00	456,67	0,00	3	12	5.480,00
3.1.2005	425,00	460,00	415,01	460,00	434,14	17,95	6	29	12.590,07
31.12.2004	480,00	480,00	390,00	390,00	456,60	-15,40	7	132	60.270,75
30.12.2004	481,01	500,00	435,00	461,00	468,83	-7,98	12	97	45.476,19
29.12.2004	500,00	501,00	480,00	501,00	496,17	0,20	10	535	265.452,11
28.12.2004	500,03	500,03	500,00	500,00	500,02	0,00	9	49	24.500,94
27.12.2004	500,00	500,01	500,00	500,00	500,00	-5,66	9	90	45.000,13
23.12.2004	480,00	530,00	480,00	530,00	528,16	10,42	13	2.628	1.388.005,04
22.12.2004	480,00	480,01	480,00	480,00	480,00	-4,95	9	44	21.120,15
21.12.2004	460,01	505,00	460,00	505,00	490,81	5,21	33	817	400.988,83
20.12.2004	455,00	480,00	455,00	480,00	473,94	2,13	13	361	171.091,07
17.12.2004	452,05	480,00	452,05	470,00	462,82	-2,08	12	97	44.893,47
16.12.2004	441,05	480,00	441,05	480,00	457,72	9,59	15	546	249.915,39
15.12.2004	430,00	450,00	430,00	438,01	436,49	3,06	8	66	28.808,35
14.12.2004	430,00	450,00	415,01	425,00	426,73	1,19	14	123	52.487,18
13.12.2004	431,00	449,99	420,00	420,00	425,38	-6,67	16	159	67.635,89
10.12.2004	480,00	480,00	450,00	450,00	456,92	-7,22	6	26	11.880,00
9.12.2004	480,00	485,00	480,00	485,00	480,15	-3,00	10	68	32.650,00
8.12.2004	505,02	505,02	480,00	500,00	503,29	-0,99	30	820	412.700,25
7.12.2004	505,02	510,00	505,01	505,02	505,95	-1,17	20	241	121.933,62
6.12.2004	510,00	525,00	501,07	511,00	507,67	1,18	19	499	253.329,26
3.12.2004	500,00	505,02	500,00	505,02	500,45	0,97	11	100	50.045,01
2.12.2004	500,06	505,00	500,00	500,15	500,71	-0,57	11	118	59.083,34
1.12.2004	500,01	503,00	500,00	503,00	500,46	0,60	14	133	66.561,12
30.11.2004	500,01	501,06	500,00	500,00	500,47	0,00	14	203	101.596,11
29.11.2004	495,03	500,00	495,02	500,00	497,18	0,00	5	40	19.887,11
26.11.2004	481,00	500,00	481,00	500,00	491,86	4,16	15	462	227.239,16
25.11.2004	475,00	500,00	465,00	480,01	485,30	1,05	18	200	97.059,73
24.11.2004	475,00	490,00	475,00	475,00	478,11	0,00	10	53	25.340,00
23.11.2004	475,00	475,01	475,00	475,00	475,00	0,00	6	62	29.450,15
22.11.2004	475,00	475,01	474,99	475,00	475,00	0,00	12	114	54.149,86
19.11.2004	474,00	475,01	474,00	475,00	474,73	-4,04	7	63	29.908,10
18.11.2004	490,21	500,00	490,00	495,00	492,05	0,98	12	96	47.236,50
17.11.2004	500,00	500,00	490,22	490,22	497,17	-1,96	6	38	18.892,42
16.11.2004	500,01	500,01	490,00	500,00	498,50	0,00	15	199	99.200,76
15.11.2004	500,00	500,01	500,00	500,00	500,00	0,00	9	45	22.500,03
12.11.2004	470,20	500,00	470,20	500,00	476,64	0,00	12	99	47.187,64
11.11.2004	468,07	500,00	468,07	500,00	493,18	0,00	4	41	20.220,35
10.11.2004	466,01	500,00	466,01	500,00	483,65	7,53	4	40	19.346,13
9.11.2004	460,00	465,00	456,00	465,00	459,59	1,97	10	76	34.928,71
8.11.2004	450,54	460,00	450,54	456,00	455,50	1,22	15	84	38.261,74
5.11.2004	450,00	450,51	450,00	450,51	450,04	0,11	9	99	44.553,57
4.11.2004	450,00	480,00	440,00	450,00	452,00	-2,17	11	77	34.804,00
3.11.2004	482,03	482,03	440,01	460,00	461,89	-4,57	12	97	44.803,35
2.11.2004	525,07	525,11	482,03	482,03	522,27	-10,74	11	117	61.105,39
29.10.2004	460,00	540,00	460,00	540,00	496,29	17,35	15	114	56.577,14
28.10.2004	455,10	465,00	455,10	460,15	460,79	-1,04	6	34	15.666,85
27.10.2004	450,00	465,00	450,00	465,00	456,96	3,33	7	236	107.842,23
26.10.2004	450,01	450,01	450,01	450,01	450,01	-0,22	1	11	4.950,11
25.10.2004	430,02	451,00	425,01	451,00	432,84	4,64	14	207	89.598,57
22.10.2004	426,00	451,00	426,00	431,00	431,33	2,13	9	209	90.148,00
21.10.2004	422,01	422,03	422,01	422,03	422,01	0,47	4	26	10.972,34
20.10.2004	416,00	421,00	416,00	420,06	419,65	0,98	4	28	11.750,14
19.10.2004	450,00	451,00	416,00	416,00	438,27	-7,56	5	26	11.395,00
18.10.2004	450,00	450,00	411,00	450,00	426,77	12,50	3	47	20.058,00
15.10.2004	490,00	490,00	400,00	400,00	442,86	3,90	2	42	18.600,00
14.10.2004	385,00	385,00	385,00	385,00	385,00	1,05	1	61	23.485,00
13.10.2004	367,00	381,00	367,00	381,00	374,91	-4,75	2	23	8.623,00
12.10.2004	361,00	400,00	361,00	400,00	393,67	11,73	4	37	14.565,88
11.10.2004	358,00	358,00	358,00	358,00	358,00	1,99	1	25	8.950,00
6.10.2004	351,01	351,01	351,01	351,01	351,01	0,00	1	7	2.457,07
5.10.2004	350,00	351,00	350,00	351,00	350,78	0,29	3	45	15.785,00
4.10.2004	335,01	350,01	335,01	350,00	342,18	4,48	4	23	7.870,22
30.9.2004	331,00	335,00	331,00	335,00	333,82	-0,30	3	17	5.675,00
29.9.2004	336,00	336,00	336,00	336,00	336,00	0,00	1	5	1.680,00
28.9.2004	350,00	350,00	333,00	336,00	343,88	1,82	6	51	17.538,00
27.9.2004	332,00	332,00	330,00	330,00	331,25	-0,60	2	32	10.600,00
24.9.2004	331,00	332,00	331,00	332,00	331,38	0,30	2	13	4.308,00
23.9.2004	331,00	331,00	331,00	331,00	331,00	0,00	2	27	8.937,00
20.9.2004	350,00	360,00	331,00	331,00	346,12	-0,90	3	26	8.999,00
17.9.2004	330,01	334,01	330,01	334,01	331,83	1,21	2	11	3.650,11
16.9.2004	330,01	330,01	330,01	330,01	330,01	0,00	2	8	2.640,08
15.9.2004	330,00	330,00	330,00	330,00	330,00	1,54	1	7	2.310,00
13.9.2004	321,00	350,00	321,00	325,01	331,62	1,57	3	21	6.964,05
9.9.2004	320,00	320,00	320,00	320,00	320,00	0,00	2	10	3.200,00
8.9.2004	320,00	320,00	320,00	320,00	320,00	-7,25	1	50	16.000,00
6.9.2004	350,00	350,00	345,00	345,00	348,51	-2,07	6	57	19.865,00
3.9.2004	352,29	352,29	352,29	352,29	352,29	-8,02	1	21	7.398,09
2.9.2004	383,01	383,01	383,00	383,00	383,01	-0,04	4	39	14.937,27
1.9.2004	400,00	400,00	383,14	383,14	397,19	2,17	2	24	9.532,56
26.8.2004	371,13	375,00	371,13	375,00	371,22	-6,25	3	254	94.290,34
24.8.2004	400,00	400,00	400,00	400,00	400,00	13,60	1	8	3.200,00
23.8.2004	352,12	352,12	352,12	352,12	352,12	0,03	1	4	1.408,48
20.8.2004	352,00	352,00	352,00	352,00	352,00	0,50	1	12	4.224,00
19.8.2004	350,24	350,24	350,24	350,24	350,24	-0,01	1	11	3.852,64
18.8.2004	350,27	350,27	350,27	350,27	350,27	0,02	1	6	2.101,62
17.8.2004	350,18	350,20	350,18	350,19	350,19	0,03	3	23	8.054,34
16.8.2004	350,08	350,08	350,08	350,08	350,08	0,01	1	5	1.750,40
12.8.2004	350,05	350,05	350,05	350,05	350,05	0,00	2	15	5.250,75
11.8.2004	375,00	375,00	350,05	350,05	364,73	0,01	2	17	6.200,35
10.8.2004	350,02	350,02	350,02	350,02	350,02	0,01	1	1	350,02
9.8.2004	325,25	350,00	325,25	350,00	338,75	0,00	2	11	3.726,25
6.8.2004	350,00	350,00	350,00	350,00	350,00	-0,05	1	1	350,00
2.8.2004	350,16	350,16	350,16	350,16	350,16	0,00	1	11	3.851,76
30.7.2004	350,16	350,16	350,16	350,16	350,16	0,05	1	3	1.050,48
27.7.2004	350,00	350,00	350,00	350,00	350,00	0,00	1	35	12.250,00
23.7.2004	350,00	350,00	350,00	350,00	350,00	0,00	4	18	6.300,00
21.7.2004	312,00	350,00	312,00	350,00	335,75	12,54	2	40	13.430,00
20.7.2004	310,00	311,00	310,00	311,00	310,29	0,32	3	21	6.516,00
19.7.2004	310,00	310,00	310,00	310,00	310,00	9,29	1	10	3.100,00
16.7.2004	283,64	283,64	283,64	283,64	283,64	-5,45	1	12	3.403,68
2.7.2004	300,00	300,00	300,00	300,00	300,00	0,00	2	23	6.900,00
1.7.2004	300,00	300,00	300,00	300,00	300,00	15,38	1	3	900,00
29.6.2004	300,00	300,00	260,00	260,00	286,67	-13,33	2	18	5.160,00
28.6.2004	300,00	300,00	300,00	300,00	300,00	0,00	2	10	3.000,00
2.6.2004	300,00	300,00	300,00	300,00	300,00	0,00	2	14	4.200,00
28.5.2004	300,00	300,00	300,00	300,00	300,00	0,00	2	11	3.300,00
27.5.2004	290,00	300,00	290,00	300,00	291,11	0,00	2	9	2.620,00
26.5.2004	300,00	300,00	300,00	300,00	300,00	0,00	1	11	3.300,00
14.5.2004	300,00	300,00	300,00	300,00	300,00	0,00	2	23	6.900,00
12.5.2004	300,01	300,01	300,01	300,01	300,01	0,00	1	4	1.200,04
11.5.2004	300,00	300,00	300,00	300,00	300,00	-4,76	1	12	3.600,00
7.5.2004	315,00	315,00	315,00	315,00	315,00	8,60	1	28	8.820,00
4.5.2004	290,06	290,06	290,06	290,06	290,06	1,78	1	22	6.381,32
30.4.2004	285,00	285,00	285,00	285,00	285,00	-4,04	1	14	3.990,00
29.4.2004	297,00	297,00	297,00	297,00	297,00	-1,00	1	6	1.782,00
27.4.2004	300,00	300,00	300,00	300,00	300,00	0,00	1	12	3.600,00
23.4.2004	305,00	305,00	300,00	300,00	302,12	-9,09	3	26	7.855,00
16.4.2004	300,00	330,00	300,00	330,00	327,48	10,00	4	63	20.631,00
9.4.2004	300,00	300,00	300,00	300,00	300,00	17,65	1	20	6.000,00
7.4.2004	256,00	256,00	255,00	255,00	255,18	-22,96	2	22	5.614,00
30.3.2004	333,53	333,53	331,01	331,01	331,90	-0,76	2	17	5.642,29
29.3.2004	333,54	333,54	333,53	333,53	333,54	0,00	3	31	10.339,60
25.3.2004	333,52	333,52	333,52	333,52	333,52	6,22	1	3	1.000,56
11.3.2004	314,00	314,00	314,00	314,00	314,00	-3,38	1	13	4.082,00
5.3.2004	325,00	325,00	325,00	325,00	325,00	-18,75	1	5	1.625,00
13.2.2004	310,01	400,00	310,01	400,00	363,13	14,29	6	48	17.430,13
10.2.2004	350,00	350,00	350,00	350,00	350,00	16,66	1	28	9.800,00
6.2.2004	300,00	310,00	300,00	300,01	304,17	0,00	3	24	7.300,12
5.2.2004	300,00	300,00	300,00	300,00	300,00	16,96	1	10	3.000,00
3.2.2004	256,50	256,50	256,50	256,50	256,50	-14,50	1	4	1.026,00
23.1.2004	300,00	300,00	300,00	300,00	300,00	20,00	1	50	15.000,00
19.1.2004	250,00	250,00	250,00	250,00	250,00	8,70	1	18	4.500,00
16.1.2004	230,00	230,00	230,00	230,00	230,00	6,95	1	20	4.600,00
12.1.2004	215,05	215,05	215,05	215,05	215,05	-3,59	1	10	2.150,50
8.1.2004	223,06	223,06	223,06	223,06	223,06	-10,78	1	9	2.007,54
22.12.2003	250,00	250,00	250,00	250,00	250,00	12,55	1	12	3.000,00
19.12.2003	222,13	222,13	222,13	222,13	222,13	-3,99	1	6	1.332,78
16.12.2003	231,36	231,36	231,36	231,36	231,36	0,57	1	12	2.776,32
11.12.2003	230,06	230,06	230,06	230,06	230,06	0,00	1	1	230,06
4.12.2003	230,06	230,06	230,06	230,06	230,06	-2,52	1	4	920,24
28.11.2003	236,00	236,00	236,00	236,00	236,00	-5,60	1	170	40.120,00
25.11.2003	250,00	250,00	250,00	250,00	250,00	0,00	2	97	24.250,00
21.11.2003	250,00	250,00	250,00	250,00	250,00	-16,67	1	3	750,00
13.11.2003	300,00	300,00	300,00	300,00	300,00	30,38	1	47	14.100,00
7.11.2003	230,10	230,10	230,10	230,10	230,10	0,03	1	10	2.301,00
5.11.2003	230,04	230,04	230,04	230,04	230,04	0,01	1	14	3.220,56
4.11.2003	230,02	230,02	230,02	230,02	230,02	-23,33	2	15	3.450,30
22.10.2003	300,00	300,00	300,00	300,00	300,00	17,65	1	10	3.000,00
16.10.2003	255,00	255,00	255,00	255,00	255,00	18,60	1	10	2.550,00
13.10.2003	215,00	215,00	215,00	215,00	215,00	-6,52	1	2.138	459.670,00
10.10.2003	230,00	230,00	230,00	230,00	230,00	14,93	1	1	230,00
9.10.2003	200,12	200,12	200,12	200,12	200,12	-1,01	1	2	400,24
3.10.2003	202,20	202,20	202,16	202,16	202,17	1,01	3	40	8.086,76
29.9.2003	200,14	200,14	200,14	200,14	200,14	-12,98	1	5	1.000,70
19.9.2003	230,00	230,00	230,00	230,00	230,00	4,55	1	10	2.300,00
12.9.2003	220,00	220,00	220,00	220,00	220,00	15,55	1	60	13.200,00
9.9.2003	190,40	190,40	190,40	190,40	190,40	-36,53	1	40	7.616,00
25.8.2003	250,00	300,00	250,00	300,00	292,86	20,00	3	7	2.050,00
19.8.2003	250,00	250,00	250,00	250,00	250,00	64,85	1	2	500,00
25.7.2003	151,65	151,65	151,65	151,65	151,65	0,28	1	3	454,95
22.7.2003	151,09	151,23	151,09	151,23	151,12	0,82	2	19	2.871,27
18.7.2003	150,00	150,00	150,00	150,00	150,00	0,00	1	4	600,00
15.7.2003	150,00	150,00	150,00	150,00	150,00	0,00	1	5	750,00
10.7.2003	150,00	150,00	150,00	150,00	150,00	0,00	1	5	750,00
8.7.2003	150,00	150,00	150,00	150,00	150,00	0,00	1	4	600,00
27.6.2003	150,00	150,00	150,00	150,00	150,00	0,00	1	15	2.250,00
9.6.2003	150,00	150,00	150,00	150,00	150,00	0,00	1	2	300,00
3.6.2003	150,00	150,00	150,00	150,00	150,00	0,00	1	5	750,00
28.5.2003	200,00	200,00	150,00	150,00	178,57	7,14	3	28	5.000,00
27.5.2003	140,00	140,00	140,00	140,00	140,00	-12,50	1	3	420,00
22.5.2003	160,00	160,00	160,00	160,00	160,00	6,67	1	3	480,00
20.5.2003	150,00	150,00	150,00	150,00	150,00	-25,00	2	12	1.800,00
9.5.2003	200,00	200,00	200,00	200,00	200,00	-33,33	1	7	1.400,00
30.12.2002	300,00	300,00	300,00	300,00	300,00	0,00	1	2	600,00
27.12.2002	300,00	300,00	300,00	300,00	300,00	0,00	1	3	900,00
13.12.2002	300,00	300,00	300,00	300,00	300,00	500,00	1	1	300,00
4.12.2002	50,00	50,00	50,00	50,00	50,00	-92,86	1	5	250,00
20.8.2002	700,00	700,00	700,00	700,00	700,00	0,00	1	1	700,00
14.8.2002	700,00	700,00	700,00	700,00	700,00	-36,36	3	29	20.300,00
10.1.2002	1.100,00	1.100,00	1.100,00	1.100,00	1.100,00	0,00	1	7	7.700,00
3.1.2002	700,00	1.100,00	700,00	1.100,00	1.050,28	57,14	5	358	376.000,00
2.1.2002	600,00	700,00	600,00	700,00	680,00	7,69	4	15	10.200,00
13.8.1999	650,00	650,00	650,00	650,00	650,00	-35,00	1	2.291	1.489.150,00
1.4.1998	1.000,00	1.000,00	1.000,00	1.000,00	1.000,00	0,00	1	18	18.000,00
30.3.1998	1.000,00	1.000,00	1.000,00	1.000,00	1.000,00	0,00	1	4	4.000,00
23.3.1998	1.000,00	1.000,00	1.000,00	1.000,00	1.000,00	-9,09	1	10	10.000,00
9.3.1998	1.100,00	1.100,00	1.100,00	1.100,00	1.100,00	0,00	1	20	22.000,00
3.3.1998	1.100,00	1.100,00	1.100,00	1.100,00	1.100,00	0,00	1	15	16.500,00
2.3.1998	1.100,00	1.100,00	1.100,00	1.100,00	1.100,00	0,00	2	21	23.100,00
9.2.1998	1.100,00	1.100,00	1.100,00	1.100,00	1.100,00	37,50	1	10	11.000,00
30.12.1997	1.303,00	1.303,00	800,00	800,00	1.302,88	0,00	2	4.247	5.533.338,00
9.7.1997	800,00	800,00	800,00	800,00	800,00	0,00	1	9	7.200,00
30.6.1997	800,00	800,00	800,00	800,00	800,00	-11,11	1	4	3.200,00
20.6.1997	900,00	900,00	900,00	900,00	900,00	0,00	1	7	6.300,00