29.8.2008	219,10	219,10	219,10	219,10	219,10	0,05	1	44	9.640,40
23.7.2008	219,00	219,00	219,00	219,00	219,00	9,48	1	6	1.314,00
22.7.2008	200,04	200,04	200,04	200,04	200,04	-9,07	1	7	1.400,28
15.7.2008	220,00	220,00	220,00	220,00	220,00	0,00	4	57	12.540,00
2.7.2008	220,01	220,01	220,01	220,01	220,01	0,00	1	54	11.880,54
30.6.2008	220,00	220,00	220,00	220,00	220,00	0,00	1	40	8.800,00
26.6.2008	220,00	220,00	220,00	220,00	220,00	-31,25	1	20	4.400,00
18.4.2008	320,00	320,00	320,00	320,00	320,00	-3,03	1	60	19.200,00
16.4.2008	330,00	330,00	330,00	330,00	330,00	-14,44	2	20	6.600,00
15.4.2008	385,70	385,70	385,70	385,70	385,70	13,44	1	5	1.928,50
14.4.2008	340,00	340,00	340,00	340,00	340,00	0,00	1	10	3.400,00
9.4.2008	340,00	340,00	340,00	340,00	340,00	-18,47	1	10	3.400,00
7.3.2008	417,00	417,00	417,00	417,00	417,00	0,48	4	122	50.874,00
6.3.2008	399,96	415,00	399,96	415,00	403,89	3,75	6	338	136.514,17
3.3.2008	399,99	399,99	399,99	399,99	399,99	0,00	1	12	4.799,88
28.2.2008	400,00	400,00	400,00	400,00	400,00	-4,08	1	10	4.000,00
11.2.2008	370,00	417,00	370,00	417,00	379,89	0,00	3	38	14.436,00
6.2.2008	417,00	417,00	417,00	417,00	417,00	9,74	1	5	2.085,00
5.2.2008	406,00	406,00	380,00	380,00	383,88	-8,87	3	134	51.440,00
4.2.2008	417,00	417,00	417,00	417,00	417,00	-0,71	1	20	8.340,00
31.1.2008	420,00	420,00	420,00	420,00	420,00	0,00	2	41	17.220,00
30.1.2008	419,00	420,00	419,00	420,00	419,83	5,00	2	30	12.595,00
28.1.2008	400,00	400,00	400,00	400,00	400,00	-13,04	4	81	32.400,00
24.1.2008	460,00	460,00	460,00	460,00	460,00	-0,22	1	20	9.200,00
22.1.2008	469,00	469,00	461,00	461,00	461,82	-3,96	4	97	44.797,00
18.1.2008	480,00	480,00	480,00	480,00	480,00	6,67	1	20	9.600,00
15.1.2008	450,00	450,00	450,00	450,00	450,00	-10,00	1	10	4.500,00
8.1.2008	500,00	500,00	500,00	500,00	500,00	-4,76	1	5	2.500,00
2.1.2008	525,00	525,00	525,00	525,00	525,00	1,35	3	200	105.000,00
20.12.2007	518,00	518,00	518,00	518,00	518,00	3,60	1	50	25.900,00
19.12.2007	500,00	500,00	500,00	500,00	500,00	-0,01	2	64	32.000,00
17.12.2007	500,04	500,04	500,04	500,04	500,04	-0,01	1	20	10.000,80
12.12.2007	500,07	500,07	500,07	500,07	500,07	-8,91	1	10	5.000,70
11.12.2007	548,97	548,98	548,97	548,98	548,98	9,80	2	20	10.979,50
10.12.2007	500,01	500,01	500,00	500,00	500,00	0,00	2	26	13.000,10
7.12.2007	500,00	500,00	500,00	500,00	500,00	-11,50	1	49	24.500,00
27.11.2007	555,00	565,00	555,00	565,00	557,00	13,00	2	10	5.570,00
26.11.2007	500,01	500,01	500,01	500,01	500,01	-5,66	1	22	11.000,22
21.11.2007	530,00	530,00	530,00	530,00	530,00	-3,64	1	79	41.870,00
16.11.2007	532,00	550,00	532,00	550,00	547,65	0,00	3	115	62.980,00
15.11.2007	550,00	574,00	550,00	550,00	550,83	-3,51	4	518	285.332,00
14.11.2007	570,00	570,00	570,00	570,00	570,00	1,79	1	77	43.890,00
13.11.2007	560,00	560,00	560,00	560,00	560,00	0,00	1	81	45.360,00
12.11.2007	579,99	579,99	560,00	560,00	560,96	3,70	4	83	46.559,96
8.11.2007	547,00	547,00	540,00	540,00	543,24	-1,82	4	100	54.324,00
7.11.2007	550,00	550,00	550,00	550,00	550,00	0,00	1	25	13.750,00
6.11.2007	550,00	550,00	550,00	550,00	550,00	-6,62	1	10	5.500,00
5.11.2007	589,00	589,90	589,00	589,00	589,38	7,09	4	205	120.822,20
31.10.2007	550,00	550,00	550,00	550,00	550,00	-6,78	1	104	57.200,00
30.10.2007	590,00	590,00	590,00	590,00	590,00	9,26	3	100	59.000,00
29.10.2007	550,00	550,00	540,00	540,00	547,69	-8,47	3	65	35.600,00
26.10.2007	590,00	590,00	590,00	590,00	590,00	1,72	4	300	177.000,00
25.10.2007	550,00	580,00	550,00	580,00	558,07	11,54	6	700	390.650,00
24.10.2007	553,00	553,00	520,00	520,00	541,51	-5,46	3	114	61.732,00
22.10.2007	550,00	550,01	550,00	550,01	550,00	10,00	5	155	85.250,51
19.10.2007	550,00	550,00	500,01	500,01	535,94	-9,09	5	116	62.169,29
18.10.2007	550,51	550,51	550,00	550,00	550,20	-0,09	6	380	209.077,22
16.10.2007	550,51	550,51	550,51	550,51	550,51	0,09	1	20	11.010,20
15.10.2007	555,00	555,00	550,00	550,02	552,28	-8,33	8	190	104.933,20
5.10.2007	600,00	600,00	600,00	600,00	600,00	0,00	3	196	117.600,00
2.10.2007	600,00	600,00	600,00	600,00	600,00	0,00	2	492	295.200,00
1.10.2007	600,01	600,01	600,00	600,00	600,00	0,00	2	132	79.200,32
28.9.2007	600,00	600,01	600,00	600,01	600,00	-1,64	2	91	54.600,31
27.9.2007	610,00	610,00	610,00	610,00	610,00	1,66	2	121	73.810,00
26.9.2007	599,50	600,01	599,50	600,01	599,93	9,29	7	352	211.175,31
24.9.2007	580,00	600,00	549,00	549,00	593,72	0,18	7	518	307.548,24
21.9.2007	547,30	550,01	547,30	548,03	548,13	0,14	5	211	115.656,08
20.9.2007	589,99	600,00	547,25	547,25	591,67	-7,25	11	554	327.783,86
19.9.2007	530,30	590,00	530,30	590,00	586,08	0,00	10	560	328.203,00
18.9.2007	550,01	590,00	529,01	590,00	576,23	0,00	14	649	373.976,34
17.9.2007	570,00	590,00	570,00	590,00	586,70	1,72	9	500	293.352,23
14.9.2007	580,00	585,00	580,00	580,00	582,15	0,00	7	523	304.463,00
13.9.2007	587,90	590,00	580,00	580,00	585,57	0,00	10	508	297.468,60
12.9.2007	575,00	580,00	575,00	580,00	578,71	-0,85	5	387	223.960,00
11.9.2007	584,00	585,00	584,00	585,00	584,71	0,86	2	98	57.302,00
10.9.2007	580,00	580,00	580,00	580,00	580,00	-0,85	1	92	53.360,00
7.9.2007	585,00	585,00	585,00	585,00	585,00	0,86	1	10	5.850,00
6.9.2007	580,00	581,00	580,00	580,00	580,40	0,00	7	500	290.200,00
5.9.2007	569,00	580,00	569,00	580,00	574,08	7,41	4	400	229.630,00
4.9.2007	540,01	540,01	540,00	540,00	540,00	-8,47	3	207	111.781,00
29.8.2007	560,00	590,00	560,00	590,00	564,26	5,36	2	141	79.560,00
28.8.2007	565,00	565,00	560,00	560,00	560,92	-5,08	5	306	171.642,01
27.8.2007	589,00	590,00	589,00	590,00	589,30	1,72	2	200	117.860,00
23.8.2007	597,00	597,00	580,00	580,00	584,53	-0,85	2	75	43.840,00
22.8.2007	585,00	585,00	585,00	585,00	585,00	4,28	1	300	175.500,00
21.8.2007	561,01	561,01	561,01	561,01	561,01	-3,27	1	15	8.415,15
17.8.2007	580,00	580,00	580,00	580,00	580,00	0,00	1	150	87.000,00
14.8.2007	580,00	580,00	580,00	580,00	580,00	0,00	1	24	13.920,00
13.8.2007	580,00	580,00	580,00	580,00	580,00	0,00	3	109	63.220,00
10.8.2007	561,00	580,00	561,00	580,00	568,70	0,00	2	37	21.042,00
9.8.2007	581,00	581,00	580,00	580,00	580,80	-0,17	4	157	91.186,00
7.8.2007	581,00	581,00	581,00	581,00	581,00	-2,68	1	74	42.994,00
6.8.2007	581,00	597,00	580,00	597,00	583,30	2,75	3	130	75.829,00
2.8.2007	581,00	581,00	581,00	581,00	581,00	-2,84	2	24	13.944,00
1.8.2007	598,00	598,00	598,00	598,00	598,00	3,10	1	11	6.578,00
31.7.2007	584,00	584,00	580,01	580,01	581,81	-0,68	3	137	79.708,25
26.7.2007	584,00	584,00	584,00	584,00	584,00	-2,50	1	23	13.432,00
23.7.2007	599,00	599,00	599,00	599,00	599,00	-0,17	1	20	11.980,00
20.7.2007	600,00	600,00	600,00	600,00	600,00	0,00	2	300	180.000,00
19.7.2007	600,00	602,00	600,00	600,00	600,20	3,45	4	334	200.468,00
18.7.2007	580,00	580,00	580,00	580,00	580,00	-4,13	1	17	9.860,00
12.7.2007	600,00	605,00	600,00	605,00	602,70	4,31	2	74	44.600,00
11.7.2007	580,00	580,00	580,00	580,00	580,00	-5,69	1	145	84.100,00
5.7.2007	600,00	615,00	600,00	615,00	601,03	2,50	2	116	69.720,00
4.7.2007	601,00	601,00	600,00	600,00	600,61	-1,64	2	49	29.430,00
3.7.2007	619,99	620,00	610,00	610,00	613,69	-1,61	3	187	114.759,50
2.7.2007	620,00	620,00	620,00	620,00	620,00	0,16	3	262	162.440,00
29.6.2007	620,00	620,00	619,00	619,00	619,38	-0,48	2	80	49.550,00
28.6.2007	618,99	622,00	618,99	622,00	619,55	0,32	5	281	174.092,80
19.6.2007	619,98	620,00	619,07	620,00	619,92	3,33	6	240	148.780,05
18.6.2007	600,00	600,00	600,00	600,00	600,00	0,00	4	115	69.000,00
15.6.2007	600,00	600,00	567,00	600,00	583,37	0,00	7	252	147.009,07
14.6.2007	600,00	600,00	600,00	600,00	600,00	0,00	4	143	85.800,00
13.6.2007	600,00	600,00	600,00	600,00	600,00	0,00	2	115	69.000,00
12.6.2007	600,00	600,00	600,00	600,00	600,00	0,00	1	100	60.000,00
11.6.2007	600,00	600,00	600,00	600,00	600,00	0,00	4	93	55.800,00
8.6.2007	605,00	605,00	600,00	600,00	601,04	-3,23	3	139	83.545,00
6.6.2007	621,00	621,00	600,00	620,00	607,69	-0,80	8	453	275.285,00
5.6.2007	628,00	628,00	621,10	625,00	625,67	-1,26	5	85	53.182,00
4.6.2007	620,00	633,00	620,00	633,00	625,34	2,10	9	490	306.418,00
1.6.2007	629,99	635,00	620,00	620,00	626,83	-1,59	21	1.354	848.728,75
31.5.2007	618,00	629,99	618,00	629,99	623,67	3,28	7	422	263.187,04
30.5.2007	610,00	610,00	610,00	610,00	610,00	0,00	2	100	61.000,00
29.5.2007	610,00	610,00	610,00	610,00	610,00	0,00	2	200	122.000,00
25.5.2007	610,00	610,00	610,00	610,00	610,00	0,00	3	151	92.110,00
24.5.2007	610,00	611,00	610,00	610,00	610,28	0,00	3	177	108.020,00
23.5.2007	610,00	610,00	610,00	610,00	610,00	-2,40	1	40	24.400,00
22.5.2007	610,00	625,00	610,00	625,00	620,00	2,46	3	45	27.900,00
21.5.2007	610,00	610,00	610,00	610,00	610,00	0,00	1	12	7.320,00
18.5.2007	610,00	610,00	610,00	610,00	610,00	1,67	1	40	24.400,00
17.5.2007	598,00	600,00	598,00	600,00	599,20	0,00	3	50	29.960,00
16.5.2007	600,00	600,00	600,00	600,00	600,00	-1,64	2	300	180.000,00
15.5.2007	610,00	630,00	610,00	610,00	616,94	1,67	5	266	164.106,00
14.5.2007	610,00	620,00	600,00	600,00	611,55	-3,23	5	291	177.960,00
11.5.2007	590,00	620,00	590,00	620,00	600,19	3,33	9	188	112.836,00
10.5.2007	600,00	600,00	600,00	600,00	600,00	0,00	2	200	120.000,00
9.5.2007	600,00	600,00	600,00	600,00	600,00	0,00	2	200	120.000,00
8.5.2007	600,01	600,01	600,00	600,00	600,00	-0,25	3	139	83.400,40
7.5.2007	601,00	601,49	600,00	601,49	600,50	-0,58	3	146	87.672,35
4.5.2007	607,00	629,00	605,00	605,00	608,97	0,00	5	145	88.301,00
3.5.2007	605,00	605,00	605,00	605,00	605,00	-0,82	1	103	62.315,00
2.5.2007	604,00	610,00	604,00	610,00	605,64	1,67	4	90	54.507,75
30.4.2007	600,00	600,00	600,00	600,00	600,00	-0,83	2	108	64.800,00
26.4.2007	605,00	605,00	605,00	605,00	605,00	0,83	3	118	71.390,00
25.4.2007	601,00	601,00	600,00	600,00	600,03	-0,17	4	206	123.606,00
24.4.2007	600,00	601,00	600,00	601,00	600,25	0,17	5	315	189.079,00
23.4.2007	599,82	600,00	580,00	600,00	597,68	0,00	7	362	216.358,56
20.4.2007	599,00	600,00	599,00	600,00	599,82	0,00	4	568	340.700,00
18.4.2007	600,00	600,00	600,00	600,00	600,00	-0,66	3	100	60.000,00
17.4.2007	604,00	604,00	604,00	604,00	604,00	0,67	1	1	604,00
16.4.2007	599,99	610,00	599,99	600,00	600,73	-1,64	5	205	123.149,57
13.4.2007	610,00	610,00	610,00	610,00	610,00	0,00	3	33	20.130,00
12.4.2007	610,10	610,10	605,00	610,00	608,95	0,00	4	51	31.056,30
11.4.2007	613,05	613,05	610,00	610,00	610,72	-4,69	3	100	61.072,10
10.4.2007	652,00	652,00	640,00	640,00	642,59	-1,54	3	232	149.080,00
5.4.2007	652,99	652,99	650,00	650,00	650,29	0,00	5	483	314.091,72
4.4.2007	660,00	660,00	650,00	650,00	654,19	-1,52	3	172	112.520,00
3.4.2007	660,00	660,00	660,00	660,00	660,00	0,15	3	170	112.200,00
2.4.2007	610,00	660,00	601,00	659,00	649,24	6,29	15	609	395.384,20
30.3.2007	632,00	650,00	620,00	620,00	640,53	-1,59	8	299	191.517,65
29.3.2007	629,99	630,00	629,00	630,00	629,84	1,61	7	354	222.964,83
28.3.2007	620,00	620,00	620,00	620,00	620,00	-1,59	1	100	62.000,00
27.3.2007	619,99	630,00	619,99	630,00	625,60	0,96	12	532	332.818,22
26.3.2007	630,00	630,00	624,00	624,00	627,33	-0,95	2	45	28.230,00
23.3.2007	643,97	643,97	630,00	630,00	630,61	-2,32	8	575	362.599,75
22.3.2007	647,98	647,99	644,99	644,99	647,84	0,00	3	210	136.046,40
21.3.2007	650,00	662,00	645,00	645,00	649,01	-0,77	15	545	353.713,00
20.3.2007	645,00	650,00	645,00	650,00	647,99	1,56	9	212	137.374,50
19.3.2007	650,00	650,00	640,00	640,00	643,55	-1,54	5	131	84.305,00
16.3.2007	629,99	650,00	629,99	650,00	634,15	6,56	7	236	149.659,50
15.3.2007	610,00	610,00	590,00	610,00	602,10	0,00	10	273	164.372,74
14.3.2007	610,00	635,00	600,00	610,00	607,36	1,67	14	339	205.895,20
13.3.2007	590,00	600,00	590,00	600,00	598,36	7,33	7	365	218.400,00
12.3.2007	557,00	559,00	557,00	559,00	558,47	2,57	2	60	33.508,00
9.3.2007	545,00	545,00	545,00	545,00	545,00	-2,15	1	15	8.175,00
7.3.2007	539,99	557,00	539,99	557,00	549,98	5,09	8	653	359.137,75
6.3.2007	519,90	530,00	501,00	530,00	524,27	5,79	11	591	309.841,50
5.3.2007	520,00	520,00	500,00	501,00	500,61	-3,65	9	619	309.880,54
2.3.2007	523,00	523,00	520,00	520,00	520,75	0,00	3	322	167.680,00
1.3.2007	500,00	520,00	500,00	520,00	510,29	2,77	6	700	357.200,00
28.2.2007	505,00	506,00	505,00	506,00	505,67	-4,53	2	151	76.356,00
26.2.2007	505,50	530,00	505,50	530,00	528,15	5,79	13	2.227	1.176.197,84
23.2.2007	500,11	501,00	500,00	501,00	500,17	0,00	9	327	163.555,47
22.2.2007	514,00	514,00	501,00	501,00	507,10	-2,53	5	99	50.203,33
21.2.2007	500,00	514,62	500,00	514,00	507,26	2,80	10	423	214.569,73
20.2.2007	478,00	500,00	478,00	500,00	493,66	5,97	16	1.024	505.509,00
19.2.2007	470,00	471,81	470,00	471,81	471,12	0,39	3	85	40.045,25
16.2.2007	468,00	470,00	468,00	470,00	469,57	2,17	7	257	120.680,00
15.2.2007	458,00	466,00	458,00	460,00	459,85	3,37	4	195	89.670,00
13.2.2007	440,00	459,00	440,00	445,00	445,54	0,02	15	966	430.387,36
12.2.2007	429,99	444,90	429,99	444,90	440,14	5,93	8	628	276.405,20
9.2.2007	420,00	420,00	420,00	420,00	420,00	-2,33	2	68	28.560,00
8.2.2007	430,00	430,00	430,00	430,00	430,00	0,00	1	30	12.900,00
7.2.2007	429,90	430,00	429,90	430,00	429,98	2,38	7	425	182.742,00
6.2.2007	420,00	420,00	420,00	420,00	420,00	-1,18	1	12	5.040,00
5.2.2007	425,00	425,00	425,00	425,00	425,00	0,00	2	221	93.925,00
2.2.2007	423,00	430,00	423,00	425,00	427,75	1,19	7	354	151.423,00
1.2.2007	420,00	420,00	420,00	420,00	420,00	-1,18	2	97	40.740,00
31.1.2007	420,00	425,00	420,00	425,00	423,49	0,00	5	212	89.780,00
30.1.2007	425,00	425,00	425,00	425,00	425,00	-1,16	3	82	34.850,00
26.1.2007	428,99	429,98	428,99	429,98	429,06	0,00	3	114	48.913,09
25.1.2007	420,00	429,98	420,00	429,98	426,64	3,61	7	263	112.206,01
24.1.2007	421,01	421,01	415,00	415,00	420,52	-3,49	3	122	51.303,00
22.1.2007	415,00	430,00	415,00	430,00	424,78	2,38	5	473	200.921,50
19.1.2007	420,00	420,00	420,00	420,00	420,00	0,00	2	129	54.180,00
18.1.2007	420,00	420,00	420,00	420,00	420,00	-1,18	3	305	128.100,00
17.1.2007	425,11	425,11	425,00	425,00	425,03	-0,02	5	144	61.204,33
16.1.2007	425,04	425,09	425,04	425,08	425,07	1,21	3	59	25.079,10
15.1.2007	423,00	435,00	420,00	420,00	423,86	0,00	8	619	262.371,00
12.1.2007	420,00	420,00	420,00	420,00	420,00	-0,94	4	103	43.260,00
11.1.2007	420,00	424,00	420,00	424,00	423,60	0,00	3	150	63.540,00
10.1.2007	415,00	424,00	415,00	424,00	419,19	0,96	10	814	341.223,28
9.1.2007	400,00	419,98	400,00	419,98	408,63	5,00	15	901	368.179,74
8.1.2007	400,01	400,01	400,00	400,00	400,00	0,00	4	88	35.200,15
5.1.2007	400,00	400,00	400,00	400,00	400,00	0,00	7	397	158.800,00
4.1.2007	398,00	400,00	398,00	400,00	399,77	2,83	16	782	312.623,94
3.1.2007	389,00	389,00	389,00	389,00	389,00	2,07	1	50	19.450,00
2.1.2007	381,10	381,10	381,10	381,10	381,10	-2,78	1	25	9.527,50
29.12.2006	390,00	392,00	390,00	392,00	390,38	2,89	2	16	6.246,00
27.12.2006	385,00	385,00	380,99	380,99	383,40	-2,31	2	10	3.833,96
20.12.2006	380,06	390,00	380,00	390,00	382,00	-0,51	6	127	48.514,21
19.12.2006	395,00	395,00	392,00	392,00	392,10	-2,00	3	95	37.249,18
14.12.2006	400,00	400,00	400,00	400,00	400,00	0,00	1	39	15.600,00
13.12.2006	401,00	401,00	400,00	400,00	400,42	0,00	5	123	49.251,71
12.12.2006	400,00	405,00	400,00	400,00	402,84	0,00	14	1.224	493.076,28
11.12.2006	400,00	400,00	400,00	400,00	400,00	2,04	10	430	172.000,00
7.12.2006	400,00	400,00	392,00	392,00	399,41	-2,00	7	540	215.680,18
6.12.2006	400,00	405,00	400,00	400,00	401,62	0,00	15	799	320.894,50
5.12.2006	400,00	400,00	395,00	400,00	399,17	0,00	12	734	292.992,50
4.12.2006	390,00	400,00	390,00	400,00	398,50	0,00	4	133	53.000,00
1.12.2006	399,00	400,00	399,00	400,00	399,32	0,00	3	586	234.000,00
30.11.2006	400,00	400,00	399,99	400,00	400,00	0,00	7	879	351.599,90
29.11.2006	399,99	399,99	399,99	399,99	399,99	0,00	1	23	9.199,77
28.11.2006	400,00	400,00	399,95	400,00	400,00	0,00	8	741	296.398,50
27.11.2006	399,00	400,00	399,00	400,00	399,95	0,00	7	444	177.579,00
24.11.2006	400,00	400,00	400,00	400,00	400,00	0,00	3	640	256.000,00
23.11.2006	391,00	400,00	391,00	400,00	399,25	0,00	11	1.343	536.190,71
22.11.2006	394,50	400,00	394,50	400,00	398,23	2,56	6	480	191.151,55
21.11.2006	390,00	390,00	390,00	390,00	390,00	0,00	5	243	94.770,00
20.11.2006	390,00	390,00	390,00	390,00	390,00	0,00	7	400	156.000,00
17.11.2006	390,00	390,00	372,05	390,00	387,88	0,00	12	633	245.527,65
16.11.2006	385,00	390,00	385,00	390,00	388,78	2,63	10	1.050	408.219,00
15.11.2006	380,00	382,00	380,00	380,00	380,61	0,00	7	214	81.450,86
14.11.2006	375,00	380,00	370,10	380,00	378,36	0,00	16	849	321.225,45
13.11.2006	379,99	380,00	372,00	380,00	378,48	0,00	14	656	248.282,13
10.11.2006	380,00	380,00	380,00	380,00	380,00	0,00	2	127	48.260,00
9.11.2006	375,01	380,00	375,01	380,00	379,13	0,00	5	241	91.370,20
8.11.2006	380,00	380,00	380,00	380,00	380,00	0,00	2	180	68.400,00
7.11.2006	380,00	380,00	380,00	380,00	380,00	2,70	7	541	205.580,00
6.11.2006	370,00	370,00	370,00	370,00	370,00	-2,63	1	25	9.250,00
3.11.2006	380,00	380,01	375,00	380,01	377,31	0,27	6	471	177.714,95
2.11.2006	390,00	390,00	379,00	379,00	385,04	-1,56	13	623	239.880,00
31.10.2006	387,11	387,11	382,05	385,00	385,05	-2,53	8	483	185.978,29
30.10.2006	389,99	395,00	389,99	395,00	392,86	3,13	6	349	137.109,45
27.10.2006	396,00	396,00	383,00	383,00	392,20	-2,30	8	550	215.710,00
26.10.2006	392,01	395,00	390,00	392,00	392,36	-0,76	11	517	202.851,72
25.10.2006	395,00	395,00	395,00	395,00	395,00	0,00	2	150	59.250,00
24.10.2006	392,50	395,00	392,10	395,00	394,47	0,00	8	382	150.686,40
23.10.2006	395,00	398,00	395,00	395,00	395,70	0,00	7	210	83.096,30
20.10.2006	400,00	400,00	394,00	395,00	397,22	0,25	8	424	168.421,00
19.10.2006	394,20	394,20	394,00	394,00	394,09	0,00	3	35	13.793,18
18.10.2006	394,00	394,01	394,00	394,01	394,00	-1,50	2	34	13.396,07
17.10.2006	400,00	400,00	400,00	400,00	400,00	0,00	7	697	278.800,00
16.10.2006	400,01	400,01	399,99	400,00	400,00	-0,01	4	262	104.799,82
13.10.2006	400,00	404,99	400,00	400,03	401,71	0,01	6	376	151.041,47
12.10.2006	405,00	405,00	400,00	400,00	400,32	-0,25	5	127	50.840,62
11.10.2006	400,00	401,00	400,00	401,00	400,13	0,25	7	347	138.845,00
10.10.2006	400,00	400,00	400,00	400,00	400,00	0,00	4	236	94.400,00
9.10.2006	400,01	400,01	400,00	400,00	400,00	0,00	5	269	107.600,19
6.10.2006	400,02	400,02	400,00	400,00	400,01	0,00	5	195	78.001,30
5.10.2006	400,00	400,00	400,00	400,00	400,00	0,00	2	103	41.200,00
4.10.2006	400,00	400,00	400,00	400,00	400,00	0,00	4	189	75.600,00
3.10.2006	400,00	400,00	400,00	400,00	400,00	1,01	1	100	40.000,00
2.10.2006	401,00	401,00	396,00	396,00	400,17	-1,00	6	280	112.048,00
29.9.2006	400,00	405,00	400,00	400,00	404,64	0,00	10	1.240	501.748,33
28.9.2006	400,00	400,00	400,00	400,00	400,00	0,00	10	548	219.200,00
27.9.2006	395,50	399,99	395,02	399,99	397,22	0,00	4	120	47.666,90
26.9.2006	399,00	400,02	399,00	400,00	399,78	3,63	10	542	216.679,29
22.9.2006	397,00	397,00	386,00	386,00	390,95	-4,69	6	140	54.732,88
21.9.2006	392,00	405,00	392,00	405,00	399,56	1,53	11	990	395.567,94
20.9.2006	396,66	398,90	386,00	398,90	395,61	-1,26	10	268	106.024,56
19.9.2006	400,99	404,00	400,99	404,00	401,78	0,75	5	235	94.419,25
18.9.2006	400,00	401,99	400,00	400,99	401,19	-0,25	6	226	90.669,59
15.9.2006	396,01	401,99	396,01	401,99	398,21	0,50	3	54	21.503,15
14.9.2006	400,00	401,99	395,00	400,00	396,82	0,76	10	331	131.346,67
13.9.2006	401,97	401,99	397,00	397,00	399,63	-0,25	20	911	364.061,71
12.9.2006	399,50	403,00	398,00	398,00	400,00	-0,50	10	241	96.400,00
11.9.2006	399,89	401,88	396,00	400,00	400,74	1,27	10	596	238.839,56
8.9.2006	397,01	397,01	395,00	395,00	395,48	-2,22	3	208	82.260,44
7.9.2006	399,98	403,95	397,00	403,95	399,99	2,01	8	706	282.392,32
5.9.2006	396,10	396,10	392,00	396,00	394,42	-1,98	9	512	201.944,70
4.9.2006	396,00	404,00	392,00	404,00	397,31	1,00	11	534	212.164,90
1.9.2006	395,90	400,00	395,00	400,00	396,35	-1,11	13	383	151.800,20
31.8.2006	404,47	404,47	404,47	404,47	404,47	1,37	1	20	8.089,40
30.8.2006	395,00	398,99	386,25	398,99	394,57	-0,25	4	86	33.932,90
29.8.2006	400,01	400,01	386,05	400,00	398,84	0,00	8	297	118.456,29
28.8.2006	400,00	401,00	400,00	400,00	400,13	0,00	8	300	120.039,82
25.8.2006	399,99	400,00	399,00	400,00	399,88	0,00	13	630	251.924,05
24.8.2006	400,00	400,00	400,00	400,00	400,00	0,25	5	122	48.800,00
23.8.2006	399,00	399,00	399,00	399,00	399,00	-0,25	1	20	7.980,00
22.8.2006	397,99	400,00	397,99	400,00	399,46	1,27	5	300	119.839,28
21.8.2006	398,01	398,01	395,00	395,00	395,58	-0,75	3	103	40.745,20
18.8.2006	405,00	405,03	398,00	398,00	402,72	-1,73	13	345	138.938,71
17.8.2006	410,00	410,00	405,00	405,00	409,05	-1,22	4	169	69.129,22
16.8.2006	404,99	410,00	404,99	410,00	409,38	5,13	15	825	337.736,72
11.8.2006	399,98	400,00	390,00	390,00	396,84	-2,50	8	295	117.068,96
10.8.2006	396,00	399,99	396,00	399,99	399,92	1,01	8	1.301	520.301,28
9.8.2006	398,00	403,00	396,00	396,00	398,81	0,25	27	1.414	563.913,58
7.8.2006	395,05	395,05	395,02	395,02	395,04	0,00	5	112	44.244,11
4.8.2006	392,00	397,99	392,00	395,01	394,95	2,33	6	724	285.945,12
2.8.2006	386,01	386,01	386,00	386,00	386,00	-2,28	2	100	38.600,05
1.8.2006	394,00	395,00	385,01	395,00	389,00	0,00	9	205	79.744,68
31.7.2006	390,00	395,00	390,00	395,00	393,52	0,13	5	233	91.690,00
28.7.2006	394,50	394,50	394,50	394,50	394,50	-0,13	1	50	19.725,00
27.7.2006	394,00	395,00	391,00	395,00	393,91	0,25	8	196	77.206,30
26.7.2006	387,98	394,00	387,98	394,00	389,52	4,92	6	177	68.944,74
25.7.2006	380,13	380,13	375,17	375,51	377,18	-1,22	6	482	181.800,54
24.7.2006	380,20	380,20	380,13	380,13	380,15	1,32	4	160	60.824,30
21.7.2006	381,50	381,50	375,10	375,16	379,00	-3,31	10	348	131.891,17
17.7.2006	391,00	391,00	388,00	388,00	388,67	-0,77	5	214	83.174,50
14.7.2006	396,00	396,00	391,00	391,00	395,31	-1,26	4	103	40.717,00
13.7.2006	396,00	396,00	396,00	396,00	396,00	0,25	2	40	15.840,00
12.7.2006	395,00	400,00	395,00	395,01	398,81	0,00	21	932	371.690,09
11.7.2006	392,00	395,00	392,00	395,00	393,14	2,60	4	161	63.295,00
10.7.2006	377,00	385,00	377,00	385,00	380,39	2,31	11	674	256.381,89
7.7.2006	374,98	379,99	374,98	376,30	377,25	1,43	8	374	141.092,83
6.7.2006	373,00	377,91	371,00	371,00	374,45	-1,83	5	259	96.982,56
5.7.2006	375,00	377,92	373,00	377,92	373,44	0,78	6	94	35.103,68
4.7.2006	375,00	379,00	375,00	375,00	377,32	2,45	5	151	56.975,00
3.7.2006	366,02	366,02	366,02	366,02	366,02	0,55	1	100	36.602,00
30.6.2006	363,01	364,00	363,01	364,00	363,43	-1,36	2	70	25.440,40
29.6.2006	359,00	369,00	359,00	369,00	362,88	5,43	7	218	79.108,00
28.6.2006	350,03	350,03	350,01	350,01	350,03	0,00	3	250	87.506,35
27.6.2006	349,99	350,00	349,99	350,00	350,00	2,94	3	90	31.499,60
21.6.2006	345,00	345,01	340,00	340,00	342,20	-0,88	11	348	119.085,85
19.6.2006	343,01	343,01	343,01	343,01	343,01	-2,00	1	53	18.179,53
16.6.2006	350,00	350,00	350,00	350,00	350,00	1,16	1	27	9.450,00
14.6.2006	350,00	350,00	346,00	346,00	348,32	-5,21	4	125	43.540,45
9.6.2006	351,00	365,00	350,00	365,00	350,25	3,69	6	428	149.907,00
6.6.2006	345,01	352,00	345,00	352,00	347,42	0,00	3	116	40.300,30
5.6.2006	352,00	352,00	352,00	352,00	352,00	0,28	1	30	10.560,00
1.6.2006	352,00	352,00	351,00	351,00	351,10	-1,13	5	208	73.028,62
31.5.2006	355,00	355,00	355,00	355,00	355,00	1,14	2	74	26.270,00
30.5.2006	355,00	355,00	351,00	351,00	352,91	0,29	4	42	14.822,06
29.5.2006	355,00	355,00	350,00	350,00	353,38	-3,05	3	89	31.450,60
24.5.2006	372,01	372,01	361,00	361,00	369,79	-4,24	3	86	31.801,76
23.5.2006	378,50	378,50	377,00	377,00	377,80	-0,26	2	71	26.824,00
22.5.2006	380,00	380,00	378,00	378,00	378,20	-1,05	4	178	67.320,00
19.5.2006	382,90	384,00	382,00	382,00	382,42	0,53	7	189	72.277,30
18.5.2006	379,00	380,01	379,00	380,00	379,81	-0,78	4	216	82.038,20
17.5.2006	360,02	383,00	360,01	383,00	377,12	8,41	6	268	101.069,33
16.5.2006	355,00	355,00	353,10	353,30	354,40	0,94	3	225	79.739,50
15.5.2006	372,05	372,05	350,00	350,00	368,68	-7,41	4	326	120.188,70
12.5.2006	383,01	383,01	378,00	378,00	381,41	-1,31	6	215	82.003,04
11.5.2006	382,05	385,00	382,05	383,01	383,77	-0,52	8	235	90.186,47
10.5.2006	381,03	385,00	381,02	385,00	383,86	1,05	8	311	119.380,72
9.5.2006	381,10	381,10	381,01	381,01	381,05	-1,04	2	69	26.292,39
8.5.2006	385,00	385,01	385,00	385,00	385,00	-1,03	4	210	80.851,00
5.5.2006	390,00	390,00	385,00	389,00	389,61	-0,26	7	812	316.366,58
4.5.2006	382,00	390,00	377,00	390,00	385,43	2,63	18	927	357.291,50
3.5.2006	380,02	380,02	377,00	380,00	379,73	0,99	7	222	84.300,76
2.5.2006	380,00	386,00	376,29	376,29	379,55	0,04	7	209	79.325,80
28.4.2006	380,00	380,00	376,15	376,15	377,92	-3,05	4	148	55.932,60
26.4.2006	388,00	388,00	388,00	388,00	388,00	0,00	2	19	7.372,00
25.4.2006	389,00	389,00	388,00	388,00	388,77	-0,51	2	26	10.108,00
24.4.2006	383,00	390,00	383,00	390,00	388,78	-0,51	9	575	223.549,90
21.4.2006	390,00	392,00	390,00	392,00	391,80	0,51	2	50	19.590,00
20.4.2006	375,01	390,00	375,00	390,00	381,34	2,63	7	339	129.275,89
19.4.2006	395,00	395,00	372,00	380,00	374,15	0,00	8	271	101.393,40
18.4.2006	395,00	395,00	380,00	380,00	384,97	-2,56	4	125	48.121,00
13.4.2006	391,11	399,00	390,00	390,00	391,20	-2,25	5	184	71.980,89
12.4.2006	398,00	398,99	397,90	398,99	398,18	1,01	6	311	123.832,82
11.4.2006	397,50	397,50	393,00	395,00	395,24	-0,75	8	541	213.826,50
10.4.2006	390,00	400,00	390,00	398,00	396,45	2,84	17	810	321.125,71
7.4.2006	394,99	394,99	387,00	387,00	392,13	-0,77	5	223	87.445,18
6.4.2006	390,00	390,00	390,00	390,00	390,00	0,78	2	240	93.600,00
5.4.2006	365,00	387,00	365,00	387,00	380,95	1,84	4	168	63.999,50
4.4.2006	391,00	391,00	380,00	380,00	386,50	-2,81	6	414	160.010,82
3.4.2006	393,00	395,00	390,00	391,00	391,46	-0,51	8	226	88.470,70
31.3.2006	400,00	400,00	393,01	393,01	397,87	-1,75	17	531	211.267,09
30.3.2006	399,98	402,00	399,98	400,00	400,15	1,26	23	1.069	427.757,25
29.3.2006	392,00	400,00	391,99	395,01	394,26	1,03	14	942	371.391,64
28.3.2006	390,00	393,85	390,00	391,00	391,33	1,56	9	985	385.462,13
27.3.2006	394,99	394,99	385,00	385,00	387,35	-2,53	3	85	32.924,80
24.3.2006	393,00	395,50	390,00	394,99	394,68	-1,25	19	1.205	475.584,72
23.3.2006	390,00	400,01	390,00	399,99	397,27	3,36	39	2.756	1.094.889,16
22.3.2006	398,99	399,99	387,00	387,00	393,83	3,74	7	121	47.653,89
21.3.2006	388,90	388,90	373,04	373,04	374,78	0,81	2	146	54.717,60
20.3.2006	369,98	380,00	369,98	370,03	374,77	0,01	15	618	231.606,06
17.3.2006	368,00	370,00	366,00	370,00	368,42	2,77	17	615	226.578,93
16.3.2006	365,00	365,00	360,01	360,01	364,10	-1,37	4	139	50.610,25
15.3.2006	365,00	365,01	365,00	365,00	365,00	0,00	7	354	129.210,62
14.3.2006	363,00	365,00	363,00	365,00	363,58	2,38	3	72	26.178,00
13.3.2006	356,00	367,00	356,00	356,51	359,41	0,43	10	360	129.388,15
10.3.2006	352,00	355,00	352,00	355,00	353,74	1,43	6	151	53.415,00
9.3.2006	353,01	353,01	350,00	350,00	352,47	-2,78	7	354	124.773,41
7.3.2006	352,02	360,00	352,01	360,00	357,50	2,27	9	650	232.376,39
6.3.2006	350,00	359,90	350,00	352,01	354,37	0,55	16	499	176.831,57
3.3.2006	346,00	350,10	346,00	350,10	348,97	1,48	8	455	158.782,00
2.3.2006	351,00	351,00	345,01	345,01	348,97	-4,16	9	464	161.920,03
1.3.2006	355,00	359,99	350,00	359,99	350,58	-2,65	12	658	230.681,80
28.2.2006	369,99	371,00	362,00	369,80	368,05	1,32	11	279	102.685,11
27.2.2006	350,00	370,00	350,00	365,00	353,80	4,32	27	1.872	662.315,30
24.2.2006	340,00	349,88	335,00	349,88	341,90	2,90	14	626	214.030,18
23.2.2006	343,00	343,00	340,02	340,02	340,52	0,01	5	178	60.612,96
22.2.2006	340,00	340,00	330,52	340,00	336,78	0,00	10	571	192.304,04
21.2.2006	330,05	340,00	330,05	340,00	339,90	0,00	6	381	129.500,20
20.2.2006	339,99	340,00	330,02	340,00	334,97	0,00	7	261	87.426,07
17.2.2006	345,00	345,00	340,00	340,00	341,40	-1,45	5	179	61.110,00
16.2.2006	335,00	345,00	330,00	345,00	339,96	4,55	22	568	193.098,69
15.2.2006	320,00	330,00	320,00	329,99	325,58	3,12	13	1.059	344.787,69
14.2.2006	315,01	320,00	315,01	320,00	318,13	2,22	8	572	181.970,50
13.2.2006	317,00	317,00	313,04	313,04	315,08	-0,62	7	405	127.606,52
10.2.2006	313,00	315,00	313,00	315,00	314,64	0,64	3	123	38.701,00
9.2.2006	316,01	317,00	313,00	313,00	314,92	-0,95	9	368	115.892,16
8.2.2006	313,50	316,00	313,50	316,00	315,41	0,00	8	699	220.475,00
7.2.2006	314,05	316,00	314,04	316,00	315,67	0,32	7	667	210.548,58
6.2.2006	315,00	315,00	315,00	315,00	315,00	0,00	5	236	74.340,00
3.2.2006	315,00	315,00	315,00	315,00	315,00	0,00	2	450	141.750,00
2.2.2006	315,10	315,10	315,00	315,00	315,03	0,00	4	106	33.393,27
1.2.2006	315,00	316,00	315,00	315,01	315,17	0,00	7	451	142.141,20
31.1.2006	315,00	315,00	315,00	315,00	315,00	1,61	3	314	98.910,00
30.1.2006	315,00	319,00	310,00	310,00	315,86	-1,59	9	943	297.860,24
27.1.2006	315,00	315,00	314,98	315,00	315,00	0,00	9	415	130.723,94
26.1.2006	311,00	315,00	310,00	315,00	312,48	0,00	9	673	210.296,50
24.1.2006	318,00	318,00	315,00	315,00	316,87	-1,56	4	170	53.868,00
23.1.2006	319,00	320,00	319,00	320,00	319,83	0,31	7	290	92.750,00
20.1.2006	316,00	319,00	315,00	319,00	315,89	1,27	7	254	80.235,00
19.1.2006	308,23	319,99	307,12	315,00	311,96	3,96	15	543	169.392,06
17.1.2006	303,02	303,02	303,00	303,00	303,01	-3,81	5	76	23.028,62
16.1.2006	315,00	315,00	315,00	315,00	315,00	0,00	1	10	3.150,00
13.1.2006	304,00	315,00	303,01	315,00	307,03	3,96	4	79	24.255,00
12.1.2006	310,00	310,00	303,00	303,00	305,36	0,49	5	197	60.155,00
11.1.2006	301,52	301,52	301,52	301,52	301,52	-3,67	1	25	7.538,00
10.1.2006	313,00	313,00	313,00	313,00	313,00	0,00	2	262	82.006,00
9.1.2006	313,00	313,00	313,00	313,00	313,00	0,00	2	30	9.390,00
5.1.2006	313,00	313,00	313,00	313,00	313,00	0,00	2	52	16.276,00
4.1.2006	313,00	313,00	313,00	313,00	313,00	0,32	1	5	1.565,00
2.1.2006	315,00	315,00	312,00	312,00	314,04	-2,50	3	50	15.702,00
29.12.2005	320,00	320,00	319,50	320,00	319,87	-0,03	7	370	118.352,50
28.12.2005	324,95	325,00	320,10	320,10	323,53	-1,51	3	170	55.000,60
27.12.2005	323,00	325,00	323,00	325,00	324,95	1,56	9	395	128.355,00
23.12.2005	320,00	320,00	312,00	320,00	318,60	0,00	7	172	54.799,30
22.12.2005	315,00	320,00	315,00	320,00	318,43	0,00	2	134	42.670,00
21.12.2005	319,98	320,00	318,88	320,00	319,86	1,91	14	1.069	341.933,77
20.12.2005	318,99	320,00	314,00	314,00	319,42	-1,57	8	513	163.864,20
16.12.2005	308,00	319,00	308,00	319,00	315,33	5,24	3	150	47.299,05
15.12.2005	310,00	310,00	303,11	303,11	309,33	-4,53	4	123	38.047,32
14.12.2005	308,00	317,50	301,00	317,50	305,68	-0,16	9	437	133.580,92
13.12.2005	314,00	318,00	310,00	318,00	313,43	1,27	10	483	151.386,00
12.12.2005	315,00	315,01	314,00	314,00	314,98	-3,38	5	472	148.668,20
9.12.2005	325,01	325,01	325,00	325,00	325,01	-2,98	2	55	17.875,30
8.12.2005	337,99	339,99	334,98	334,98	336,01	-0,01	6	356	119.619,78
7.12.2005	330,00	340,00	328,00	335,00	335,90	2,13	19	2.090	702.027,94
6.12.2005	321,00	328,00	320,00	328,00	323,16	2,50	17	1.249	403.629,68
5.12.2005	314,98	322,50	314,98	320,00	319,90	1,59	22	1.733	554.394,23
2.12.2005	300,01	314,98	300,00	314,98	301,18	1,60	9	254	76.500,16
1.12.2005	310,00	310,01	310,00	310,01	310,00	-2,51	3	228	70.680,39
29.11.2005	310,01	317,99	300,00	317,99	304,61	2,57	18	2.304	701.819,52
28.11.2005	310,00	310,01	310,00	310,01	310,00	-3,12	5	459	142.290,50
25.11.2005	300,00	320,00	300,00	320,00	306,84	6,67	17	968	297.020,71
24.11.2005	290,00	300,00	290,00	300,00	295,65	3,45	14	767	226.760,50
23.11.2005	290,00	290,00	290,00	290,00	290,00	-2,68	2	107	31.030,00
22.11.2005	286,10	297,99	285,53	297,99	292,31	1,36	13	750	219.229,27
21.11.2005	290,00	295,00	280,00	294,00	289,43	5,00	15	1.038	300.428,65
17.11.2005	290,20	290,20	280,00	280,00	288,03	-3,78	8	657	189.236,00
16.11.2005	290,00	291,00	290,00	291,00	290,56	-1,36	3	226	65.666,00
15.11.2005	285,00	295,00	285,00	295,00	290,05	3,51	8	376	109.060,00
14.11.2005	284,98	285,00	284,98	285,00	284,99	5,55	2	100	28.499,00
11.11.2005	277,00	280,00	270,01	270,01	275,87	-2,52	9	271	74.761,82
10.11.2005	269,02	277,00	269,02	277,00	274,37	-1,07	2	91	24.967,60
8.11.2005	285,06	285,06	280,00	280,00	283,81	-3,45	2	85	24.123,84
7.11.2005	290,53	300,00	285,11	290,01	297,77	-0,18	13	1.655	492.802,26
4.11.2005	300,00	300,00	290,53	290,53	294,58	-3,15	4	152	44.776,54
3.11.2005	305,00	310,00	299,00	299,99	302,67	0,00	12	483	146.187,67
2.11.2005	279,99	350,00	279,99	300,00	303,15	11,11	40	2.531	767.285,03
28.10.2005	249,48	270,00	249,39	270,00	255,23	8,00	20	3.363	858.348,11
27.10.2005	246,01	249,99	246,01	249,99	248,15	2,03	5	292	72.459,76
26.10.2005	253,28	253,28	245,01	245,01	249,88	-2,00	18	1.691	422.551,83
25.10.2005	250,00	250,00	250,00	250,00	250,00	0,00	4	477	119.250,00
24.10.2005	250,00	250,00	245,18	250,00	248,80	0,44	16	842	209.487,44
21.10.2005	245,04	248,90	245,04	248,90	248,44	1,58	6	476	118.259,74
20.10.2005	245,03	249,00	245,03	245,03	248,08	-1,98	7	269	66.734,54
19.10.2005	245,00	249,99	240,01	249,99	247,09	4,16	10	475	117.367,50
18.10.2005	239,00	244,00	239,00	240,01	240,36	0,00	14	920	221.126,74
17.10.2005	229,99	240,00	229,00	240,00	236,78	6,67	21	1.249	295.741,58
14.10.2005	223,00	225,00	222,01	225,00	222,73	0,00	5	234	52.119,55
13.10.2005	225,00	225,00	225,00	225,00	225,00	1,81	2	45	10.125,00
12.10.2005	222,01	222,50	221,00	221,00	222,11	-0,46	9	529	117.497,02
11.10.2005	221,02	225,00	221,01	222,02	222,70	-3,43	7	248	55.230,28
10.10.2005	229,00	229,99	229,00	229,90	229,45	4,03	3	168	38.547,87
7.10.2005	225,00	225,00	221,00	221,00	223,92	-1,77	6	291	65.161,28
6.10.2005	225,00	225,00	224,99	224,99	225,00	-0,01	5	346	77.849,15
5.10.2005	225,00	225,01	225,00	225,01	225,00	-4,25	5	198	44.550,85
4.10.2005	215,99	234,99	215,99	234,99	225,47	14,63	13	871	196.388,29
30.9.2005	203,00	207,00	203,00	205,00	205,62	-2,38	3	145	29.815,00
29.9.2005	210,05	210,05	210,00	210,00	210,00	-0,47	4	110	23.100,50
28.9.2005	211,00	211,00	211,00	211,00	211,00	0,48	1	36	7.596,00
22.9.2005	210,00	215,00	210,00	210,00	210,22	0,00	6	231	48.560,78
21.9.2005	210,00	210,00	210,00	210,00	210,00	4,46	1	70	14.700,00
19.9.2005	201,04	201,04	201,04	201,04	201,04	-6,49	1	22	4.422,88
15.9.2005	215,00	215,00	215,00	215,00	215,00	0,00	1	300	64.500,00
14.9.2005	209,77	215,00	209,77	215,00	212,80	2,49	3	87	18.513,33
13.9.2005	204,00	209,77	204,00	209,77	206,39	2,83	7	336	69.348,45
8.9.2005	200,00	204,00	200,00	204,00	200,40	2,00	2	30	6.012,00
6.9.2005	200,00	200,00	186,01	200,00	198,62	0,00	6	186	36.944,04
5.9.2005	200,00	205,00	200,00	200,00	200,08	1,01	5	250	50.020,00
2.9.2005	198,00	198,00	198,00	198,00	198,00	-1,00	1	100	19.800,00
1.9.2005	200,00	200,00	200,00	200,00	200,00	0,00	3	68	13.600,00
31.8.2005	190,00	200,00	190,00	200,00	198,06	5,26	13	810	160.428,21
29.8.2005	190,00	190,00	190,00	190,00	190,00	2,70	1	38	7.220,00
25.8.2005	184,99	185,00	184,99	185,00	185,00	-6,09	3	48	8.879,80
23.8.2005	185,00	197,00	185,00	197,00	185,60	9,44	4	145	26.912,00
22.8.2005	180,00	180,00	180,00	180,00	180,00	-0,11	2	199	35.820,00
19.8.2005	183,09	183,09	180,20	180,20	182,32	-1,58	9	355	64.723,45
18.8.2005	183,09	183,09	183,09	183,09	183,09	-1,03	1	95	17.393,55
17.8.2005	183,02	185,00	183,02	185,00	184,43	-2,63	2	280	51.641,60
12.8.2005	190,02	190,02	190,00	190,00	190,01	-2,56	3	362	68.782,08
11.8.2005	195,00	195,00	195,00	195,00	195,00	0,00	4	258	50.310,00
10.8.2005	195,00	195,00	195,00	195,00	195,00	0,00	3	105	20.475,00
9.8.2005	195,00	195,00	195,00	195,00	195,00	-2,50	1	80	15.600,00
8.8.2005	200,00	200,00	200,00	200,00	200,00	2,55	1	50	10.000,00
4.8.2005	195,03	195,03	195,03	195,03	195,03	-2,49	1	2	390,06
2.8.2005	188,99	200,00	188,98	200,00	196,99	5,83	15	1.564	308.098,39
1.8.2005	188,99	188,99	188,99	188,99	188,99	2,16	1	55	10.394,45
29.7.2005	184,99	185,00	184,99	185,00	185,00	0,01	2	102	18.869,86
28.7.2005	184,99	184,99	184,99	184,99	184,99	2,77	1	30	5.549,70
27.7.2005	180,00	180,00	180,00	180,00	180,00	0,00	1	63	11.340,00
22.7.2005	180,00	180,00	180,00	180,00	180,00	5,88	2	150	27.000,00
21.7.2005	170,05	170,05	170,00	170,00	170,04	-0,02	4	300	51.010,94
19.7.2005	170,04	170,04	170,04	170,04	170,04	-5,53	1	28	4.761,12
18.7.2005	160,00	180,00	160,00	180,00	174,95	13,21	17	1.818	318.053,82
15.7.2005	159,00	159,00	159,00	159,00	159,00	4,60	1	120	19.080,00
13.7.2005	152,01	152,01	152,01	152,01	152,01	0,34	1	164	24.929,64
8.7.2005	152,01	152,01	151,50	151,50	151,93	-0,34	2	50	7.596,42
7.7.2005	152,02	152,02	152,01	152,01	152,01	0,66	3	93	14.137,28
5.7.2005	151,01	151,01	151,01	151,01	151,01	2,69	1	100	15.101,00
21.6.2005	150,00	150,00	147,05	147,05	148,21	0,01	3	127	18.823,21
13.6.2005	147,03	147,03	147,03	147,03	147,03	-5,85	1	6	882,18
2.6.2005	159,00	159,00	156,17	156,17	156,90	-1,78	4	269	42.205,00
31.5.2005	160,01	160,01	159,00	159,00	159,55	-2,45	3	94	14.997,52
27.5.2005	162,50	163,00	162,50	163,00	162,74	1,24	2	42	6.835,00
20.5.2005	160,00	161,00	159,01	161,00	159,72	-2,42	5	283	45.199,99
10.5.2005	165,00	165,00	165,00	165,00	165,00	0,00	1	77	12.705,00
9.5.2005	165,00	165,00	165,00	165,00	165,00	-2,94	1	89	14.685,00
6.5.2005	169,99	169,99	169,99	169,99	169,99	0,00	2	56	9.519,44
5.5.2005	165,00	169,99	165,00	169,99	165,12	6,24	2	41	6.769,99
4.5.2005	160,00	170,00	160,00	160,00	160,16	0,00	4	305	48.850,00
3.5.2005	163,05	163,05	160,00	160,00	160,61	-8,07	2	250	40.152,50
2.5.2005	176,00	176,00	174,05	174,05	174,55	-0,54	2	253	44.161,40
29.4.2005	175,00	175,00	175,00	175,00	175,00	0,00	3	137	23.975,00
28.4.2005	175,00	175,00	175,00	175,00	175,00	-0,01	3	148	25.900,00
26.4.2005	175,01	175,01	175,01	175,01	175,01	-5,40	2	191	33.426,91
25.4.2005	181,00	185,00	175,00	185,00	180,34	-2,03	6	190	34.264,00
22.4.2005	188,83	188,83	188,83	188,83	188,83	-0,03	1	5	944,15
20.4.2005	189,88	189,88	188,89	188,89	189,47	4,94	2	34	6.442,06
19.4.2005	185,00	190,00	180,00	180,00	183,21	-2,70	4	145	26.565,00
18.4.2005	177,00	185,00	177,00	185,00	181,78	6,29	5	276	50.170,00
15.4.2005	176,99	177,00	174,05	174,05	176,23	-1,67	5	170	29.958,91
14.4.2005	176,99	177,05	176,99	177,00	177,00	1,14	5	211	37.347,64
13.4.2005	177,05	177,05	175,00	175,00	175,90	-2,78	5	716	125.945,87
8.4.2005	173,04	180,00	173,03	180,00	177,22	5,88	5	170	30.128,14
7.4.2005	173,00	173,00	170,01	170,01	172,18	-5,55	3	230	39.601,30
6.4.2005	190,00	190,00	180,00	180,00	184,10	-5,26	7	353	64.988,71
5.4.2005	190,01	190,01	190,00	190,00	190,00	-0,01	2	25	4.750,04
1.4.2005	191,00	191,00	190,01	190,01	190,54	-1,04	3	102	19.435,47
31.3.2005	192,01	192,01	192,00	192,00	192,00	-0,01	7	243	46.656,19
30.3.2005	195,00	195,00	192,01	192,01	193,99	-1,53	2	98	19.011,33
29.3.2005	195,00	195,00	195,00	195,00	195,00	2,63	1	35	6.825,00
24.3.2005	200,00	200,00	190,00	190,00	194,29	-0,11	4	77	14.960,37
23.3.2005	192,50	192,50	190,01	190,20	191,25	-1,96	5	286	54.696,52
22.3.2005	194,22	194,22	194,00	194,00	194,15	-3,00	7	265	51.449,98
21.3.2005	199,00	200,00	199,00	200,00	199,96	3,09	9	877	175.368,10
17.3.2005	194,01	194,01	194,00	194,00	194,00	1,98	2	109	21.146,35
16.3.2005	190,35	190,35	190,24	190,24	190,31	-4,87	3	85	16.176,52
15.3.2005	190,23	199,97	190,23	199,97	195,48	0,49	3	168	32.841,46
14.3.2005	199,00	199,00	199,00	199,00	199,00	4,74	1	6	1.194,00
11.3.2005	190,00	198,00	190,00	190,00	191,87	-4,52	5	214	41.060,26
10.3.2005	199,00	199,00	199,00	199,00	199,00	6,23	2	221	43.979,00
9.3.2005	200,00	200,00	187,01	187,33	194,97	-6,34	12	475	92.610,14
8.3.2005	200,01	200,01	200,00	200,00	200,00	0,00	6	225	45.000,50
7.3.2005	201,01	201,01	200,00	200,00	200,27	0,00	8	356	71.295,95
4.3.2005	200,00	200,00	200,00	200,00	200,00	0,00	1	7	1.400,00
3.3.2005	205,00	205,00	200,00	200,00	201,39	-4,76	11	489	98.481,95
2.3.2005	209,90	210,00	209,90	210,00	209,98	2,44	9	470	98.692,88
1.3.2005	206,00	209,98	200,00	205,00	205,35	-2,38	14	652	133.885,50
28.2.2005	207,00	209,99	205,00	209,99	208,76	0,00	4	150	31.313,85
25.2.2005	210,00	210,00	210,00	210,00	210,00	5,00	3	90	18.900,00
24.2.2005	210,00	219,00	200,00	200,00	205,38	-4,76	10	662	135.960,00
23.2.2005	210,00	210,00	210,00	210,00	210,00	4,37	3	108	22.680,00
22.2.2005	205,00	205,00	200,00	201,21	201,04	-7,08	12	613	123.237,44
21.2.2005	221,00	229,99	216,55	216,55	222,36	-1,57	24	1.819	404.464,45
18.2.2005	210,00	220,00	210,00	220,00	217,97	4,76	14	733	159.769,31
17.2.2005	201,00	210,00	200,00	210,00	202,45	5,00	6	449	90.900,00
16.2.2005	220,00	220,00	200,00	200,00	206,25	-5,66	11	1.111	229.145,00
15.2.2005	220,00	220,00	212,00	212,00	219,38	0,95	12	678	148.742,50
14.2.2005	188,00	210,00	181,00	210,00	196,38	10,53	15	1.075	211.106,38
11.2.2005	188,00	190,00	155,03	190,00	179,71	1,06	8	398	71.523,32
10.2.2005	210,00	219,99	143,02	188,00	184,23	-14,55	30	1.750	322.410,51
9.2.2005	243,99	243,99	210,00	220,00	218,42	-10,20	13	469	102.439,62
8.2.2005	244,00	248,00	213,00	244,99	230,05	6,52	18	653	150.221,44
7.2.2005	250,00	250,00	225,00	230,00	231,28	-8,00	15	1.206	278.921,60
4.2.2005	215,00	300,00	215,00	250,00	243,62	19,05	21	1.519	370.059,94
3.2.2005	180,00	210,00	180,00	210,00	194,27	23,53	24	1.461	283.824,34
2.2.2005	169,00	180,00	169,00	170,00	173,74	5,59	6	429	74.536,00
1.2.2005	165,20	166,00	160,00	161,00	163,77	-2,44	9	389	63.706,81
31.1.2005	165,01	165,04	165,00	165,03	165,01	0,02	6	412	67.983,99
28.1.2005	155,00	165,00	155,00	165,00	162,89	6,45	5	322	52.451,50
27.1.2005	145,00	155,00	145,00	155,00	149,26	6,90	5	338	50.450,00
26.1.2005	144,96	154,90	140,00	145,00	144,73	0,02	11	1.101	159.347,59
25.1.2005	144,99	144,99	144,97	144,97	144,99	3,55	4	800	115.988,00
21.1.2005	142,01	142,01	140,00	140,00	141,95	-1,41	3	520	73.815,00
20.1.2005	148,00	148,50	142,00	142,00	147,09	-2,07	8	638	93.843,52
19.1.2005	149,00	149,00	140,00	145,00	145,82	-2,68	4	165	24.060,00
17.1.2005	154,00	154,00	149,00	149,00	150,17	-0,67	5	685	102.865,00
14.1.2005	160,00	160,00	150,00	150,00	158,24	-9,09	10	837	132.447,00
13.1.2005	164,00	165,00	160,00	164,99	164,78	17,85	6	966	159.179,88
12.1.2005	160,00	160,00	140,00	140,00	145,61	-12,50	6	252	36.694,35
11.1.2005	164,00	170,00	160,00	160,00	165,92	14,29	8	546	90.592,00
10.1.2005	115,00	140,00	115,00	140,00	127,76	21,74	13	1.652	211.058,00
7.1.2005	103,00	115,00	103,00	115,00	113,38	11,65	10	923	104.653,73
5.1.2005	94,20	103,00	93,40	103,00	99,70	9,34	7	590	58.821,12
3.1.2005	98,00	100,00	94,20	94,20	97,34	-5,80	3	159	15.477,80
30.12.2004	100,00	100,00	100,00	100,00	100,00	7,30	1	31	3.100,00
29.12.2004	95,00	95,00	93,20	93,20	93,35	-1,89	3	150	14.002,60
27.12.2004	93,00	95,00	93,00	95,00	93,63	4,40	3	155	14.513,00
22.12.2004	91,10	91,10	90,04	91,00	90,66	-0,11	3	170	15.411,80
21.12.2004	91,10	91,10	91,10	91,10	91,10	-2,04	1	134	12.207,40
20.12.2004	93,00	93,00	93,00	93,00	93,00	-2,11	2	120	11.160,00
17.12.2004	95,36	95,36	95,00	95,00	95,33	-1,04	3	245	23.355,75
16.12.2004	96,00	96,00	96,00	96,00	96,00	-3,03	1	182	17.472,00
15.12.2004	99,00	99,00	99,00	99,00	99,00	7,61	1	75	7.425,00
7.12.2004	92,00	92,00	92,00	92,00	92,00	-16,36	3	166	15.272,00
30.11.2004	115,02	115,02	110,00	110,00	114,18	-8,33	2	300	34.255,00
29.11.2004	119,99	120,00	119,99	120,00	119,99	4,35	2	70	8.399,56
26.11.2004	109,90	115,00	109,90	115,00	110,97	15,00	5	354	39.284,30
25.11.2004	100,00	100,00	100,00	100,00	100,00	11,11	1	31	3.100,00
24.11.2004	90,00	90,00	90,00	90,00	90,00	-18,18	1	81	7.290,00
23.11.2004	110,00	110,00	110,00	110,00	110,00	7,84	1	70	7.700,00
22.11.2004	111,00	111,00	102,00	102,00	106,53	-15,70	3	217	23.117,00
19.11.2004	121,01	121,01	121,00	121,00	121,00	-0,01	4	207	25.047,07
18.11.2004	121,01	121,01	121,01	121,01	121,01	-3,19	1	93	11.253,93
17.11.2004	125,00	125,00	125,00	125,00	125,00	-0,01	1	16	2.000,00
16.11.2004	126,01	126,01	125,01	125,01	125,18	-3,84	6	600	75.106,00
15.11.2004	129,00	130,00	129,00	130,00	129,67	0,00	3	300	38.900,00
10.11.2004	130,00	130,00	130,00	130,00	130,00	-3,70	1	100	13.000,00
5.11.2004	135,00	135,00	135,00	135,00	135,00	3,85	1	200	27.000,00
2.11.2004	130,00	130,00	130,00	130,00	130,00	0,00	3	104	13.520,00
29.10.2004	129,00	130,00	129,00	130,00	129,59	0,01	3	200	25.917,00
26.10.2004	129,99	129,99	129,99	129,99	129,99	8,33	1	100	12.999,00
25.10.2004	120,01	125,00	120,00	120,00	121,77	-6,98	3	226	27.521,00
21.10.2004	120,00	129,00	111,00	129,00	114,89	-11,03	6	306	35.156,00
20.10.2004	135,00	145,00	120,00	145,00	129,35	0,00	4	107	13.840,00
19.10.2004	145,00	145,00	145,00	145,00	145,00	20,83	1	25	3.625,00
18.10.2004	150,00	150,00	120,00	120,00	122,73	-33,33	2	110	13.500,00
15.10.2004	190,00	190,00	180,00	180,00	185,71	13,21	2	175	32.500,00
14.10.2004	159,00	159,00	159,00	159,00	159,00	23,26	1	100	15.900,00
13.10.2004	129,00	129,00	129,00	129,00	129,00	29,00	1	100	12.900,00
7.10.2004	99,00	100,00	99,00	100,00	99,85	33,33	9	708	70.695,96
30.9.2004	75,00	75,00	75,00	75,00	75,00	0,00	2	500	37.500,00
22.9.2004	75,00	75,00	75,00	75,00	75,00	-6,25	2	216	16.200,00
20.9.2004	80,00	80,00	80,00	80,00	80,00	6,67	1	40	3.200,00
13.9.2004	65,00	75,00	65,00	75,00	69,80	15,38	7	1.037	72.384,40
10.9.2004	65,00	65,00	65,00	65,00	65,00	-7,01	1	60	3.900,00
1.9.2004	69,90	69,90	69,90	69,90	69,90	0,00	1	165	11.533,50
30.8.2004	69,90	69,90	69,90	69,90	69,90	0,00	1	20	1.398,00
27.8.2004	69,90	69,90	69,90	69,90	69,90	16,50	1	150	10.485,00
26.8.2004	60,00	60,00	60,00	60,00	60,00	-7,69	1	50	3.000,00
17.8.2004	55,00	65,00	55,00	65,00	60,88	18,18	4	260	15.830,00
9.8.2004	55,00	55,00	55,00	55,00	55,00	14,54	1	120	6.600,00
23.7.2004	48,02	48,02	48,02	48,02	48,02	0,00	1	69	3.313,38
21.7.2004	48,02	48,02	48,02	48,02	48,02	-3,96	1	88	4.225,76
6.7.2004	50,00	50,00	50,00	50,00	50,00	0,00	1	20	1.000,00
5.7.2004	50,00	50,00	50,00	50,00	50,00	0,00	1	130	6.500,00
2.7.2004	50,00	50,00	50,00	50,00	50,00	6,38	1	58	2.900,00
29.6.2004	47,00	47,00	47,00	47,00	47,00	4,42	1	88	4.136,00
16.6.2004	45,01	45,01	45,01	45,01	45,01	-2,15	1	70	3.150,70
15.6.2004	37,00	46,00	37,00	46,00	40,78	2,22	4	273	11.133,00
7.6.2004	45,00	45,00	45,00	45,00	45,00	21,62	1	200	9.000,00
1.6.2004	37,00	37,00	37,00	37,00	37,00	0,00	1	80	2.960,00
6.5.2004	37,00	37,00	37,00	37,00	37,00	0,00	1	89	3.293,00
5.5.2004	37,00	37,00	37,00	37,00	37,00	0,00	1	110	4.070,00
4.5.2004	37,00	37,00	37,00	37,00	37,00	1,37	1	45	1.665,00
22.4.2004	36,50	36,50	36,50	36,50	36,50	0,00	2	400	14.600,00
21.4.2004	37,00	37,00	36,50	36,50	36,81	-8,75	2	400	14.725,00
5.4.2004	40,00	40,00	40,00	40,00	40,00	0,00	1	58	2.320,00
30.3.2004	40,00	40,00	40,00	40,00	40,00	7,93	1	100	4.000,00
23.3.2004	37,06	37,06	37,06	37,06	37,06	-6,18	1	87	3.224,22
19.3.2004	39,50	39,50	39,50	39,50	39,50	0,00	1	90	3.555,00
10.3.2004	39,50	39,50	39,50	39,50	39,50	-1,25	1	34	1.343,00
5.3.2004	40,00	40,00	40,00	40,00	40,00	2,56	1	50	2.000,00
4.3.2004	39,00	39,00	39,00	39,00	39,00	2,63	1	158	6.162,00
27.2.2004	38,00	38,00	38,00	38,00	38,00	2,70	1	126	4.788,00
10.2.2004	37,00	37,00	37,00	37,00	37,00	7,18	1	215	7.955,00
6.2.2004	34,52	34,52	34,52	34,52	34,52	-23,29	1	127	4.384,04
20.1.2004	44,00	45,00	44,00	45,00	44,82	50,00	4	366	16.404,00
18.12.2003	40,00	40,00	30,00	30,00	30,03	-25,00	2	57.951	1.740.280,00
5.12.2003	38,01	44,00	38,01	40,00	39,80	0,00	4	350	13.928,50
28.11.2003	40,00	40,00	40,00	40,00	40,00	-16,67	1	225	9.000,00
3.11.2003	48,00	48,00	48,00	48,00	48,00	20,00	1	38	1.824,00
22.10.2003	40,00	40,00	40,00	40,00	40,00	-2,44	1	85	3.400,00
20.10.2003	41,00	41,00	41,00	41,00	41,00	2,50	1	100	4.100,00
16.10.2003	40,00	40,00	40,00	40,00	40,00	0,00	2	290	11.600,00
15.10.2003	40,00	40,00	40,00	40,00	40,00	33,33	1	10	400,00
10.10.2003	30,00	30,00	30,00	30,00	30,00	7,03	1	43.005	1.290.150,00
23.9.2003	32,02	32,02	28,03	28,03	29,35	-19,91	3	503	14.764,62
18.7.2003	35,00	35,00	35,00	35,00	35,00	26,77	2	254	8.890,00
16.7.2003	28,00	28,00	27,61	27,61	27,87	-21,11	2	150	4.180,50
1.7.2003	35,00	35,00	35,00	35,00	35,00	16,67	1	50	1.750,00
12.6.2003	30,00	30,00	30,00	30,00	30,00	-25,00	1	50	1.500,00
7.5.2003	40,00	40,00	40,00	40,00	40,00	5,26	1	122	4.880,00
27.3.2003	38,00	38,00	38,00	38,00	38,00	40,74	1	150	5.700,00
25.3.2003	27,00	27,00	27,00	27,00	27,00	-10,60	1	118	3.186,00
13.3.2003	30,20	30,20	30,20	30,20	30,20	-5,63	1	200	6.040,00
11.3.2003	32,00	32,00	29,00	32,00	30,87	3,23	3	399	12.318,00
25.2.2003	31,00	31,00	31,00	31,00	31,00	0,00	2	350	10.850,00
24.2.2003	31,00	31,00	31,00	31,00	31,00	2,51	1	100	3.100,00
18.2.2003	26,00	30,29	26,00	30,24	28,14	-16,00	3	300	8.441,00
13.12.2002	36,00	36,00	36,00	36,00	36,00	-20,00	1	130	4.680,00
6.12.2002	45,00	45,00	45,00	45,00	45,00	24,41	1	100	4.500,00
25.11.2002	36,17	36,17	36,17	36,17	36,17	-44,35	1	100	3.617,00
14.11.2002	64,99	64,99	64,99	64,99	64,99	71,03	1	1	64,99
31.10.2002	36,50	38,00	36,50	38,00	37,51	0,00	2	305	11.440,00
15.10.2002	38,00	38,00	38,00	38,00	38,00	0,00	2	183	6.954,00
3.10.2002	38,00	38,00	38,00	38,00	38,00	5,23	1	55	2.090,00
19.9.2002	36,11	36,11	36,11	36,11	36,11	-27,78	1	150	5.416,50
12.9.2002	50,00	50,00	50,00	50,00	50,00	0,00	1	150	7.500,00
28.8.2002	50,00	50,00	50,00	50,00	50,00	0,00	1	14	700,00
16.8.2002	50,00	50,00	50,00	50,00	50,00	-3,92	1	150	7.500,00
1.8.2002	52,04	52,04	52,04	52,04	52,04	-5,40	1	19	988,76
23.7.2002	55,01	55,01	55,01	55,01	55,01	-21,41	1	43	2.365,43
28.6.2002	70,00	70,00	70,00	70,00	70,00	20,69	1	119	8.330,00
27.6.2002	58,00	58,00	58,00	58,00	58,00	5,45	1	68	3.944,00
12.6.2002	55,00	55,00	55,00	55,00	55,00	0,00	1	69	3.795,00
3.6.2002	55,00	55,00	55,00	55,00	55,00	-21,43	1	100	5.500,00
23.5.2002	70,00	70,00	70,00	70,00	70,00	-30,00	2	170	11.900,00
15.5.2002	100,00	100,00	100,00	100,00	100,00	66,67	3	494	49.400,00
3.5.2002	60,00	60,00	60,00	60,00	60,00	12,61	1	69	4.140,00
21.3.2002	53,28	53,28	53,28	53,28	53,28	-23,87	1	150	7.992,00
15.3.2002	69,99	69,99	69,99	69,99	69,99	31,73	1	100	6.999,00
5.3.2002	53,13	53,13	53,13	53,13	53,13	0,15	1	186	9.882,18
1.3.2002	53,05	53,05	53,05	53,05	53,05	0,04	2	199	10.556,95
22.2.2002	53,03	53,03	53,03	53,03	53,03	0,97	1	64	3.393,92
14.2.2002	52,52	52,52	52,52	52,52	52,52	-24,97	1	100	5.252,00
7.2.2002	70,00	70,00	70,00	70,00	70,00	0,00	1	250	17.500,00
11.1.2002	70,01	70,01	70,00	70,00	70,00	0,00	2	256	17.921,07
10.1.2002	65,00	70,00	65,00	70,00	68,09	0,00	2	173	11.780,00
7.1.2002	70,00	70,00	70,00	70,00	70,00	94,44	1	1	70,00
3.1.2002	37,00	37,00	36,00	36,00	36,67	2,86	2	300	11.000,00
27.9.2001	35,00	35,00	35,00	35,00	35,00	6,06	1	108	3.780,00
26.9.2001	33,00	33,00	33,00	33,00	33,00	-17,50	1	195	6.435,00
20.8.2001	40,00	40,00	40,00	40,00	40,00	14,29	1	39	1.560,00
16.7.2001	35,00	35,00	35,00	35,00	35,00	0,00	2	107	3.745,00
3.7.2001	35,00	35,00	35,00	35,00	35,00	2,94	1	150	5.250,00
8.6.2001	34,00	34,00	34,00	34,00	34,00	-15,00	3	299	10.166,00
12.4.2001	39,99	40,00	39,99	40,00	39,99	66,67	2	120	4.799,20
30.3.2001	24,00	24,00	24,00	24,00	24,00	14,29	1	12	288,00
12.3.2001	21,00	21,00	21,00	21,00	21,00	-16,03	1	39	819,00
9.3.2001	25,01	25,01	25,01	25,01	25,01	-34,18	1	80	2.000,80
5.3.2001	38,00	38,00	38,00	38,00	38,00	-5,00	1	150	5.700,00
6.2.2001	40,00	40,00	40,00	40,00	40,00	60,00	1	77	3.080,00
30.1.2001	25,00	25,00	25,00	25,00	25,00	66,67	2	195	4.875,00
18.12.2000	18,00	18,00	15,00	15,00	17,09	-40,00	2	258	4.410,00
29.11.2000	25,00	25,00	25,00	25,00	25,00	38,89	1	580	14.500,00
7.11.2000	18,00	18,00	18,00	18,00	18,00	-40,00	1	20	360,00
13.9.2000	30,00	30,00	30,00	30,00	30,00	36,36	1	50	1.500,00
12.9.2000	22,00	22,00	22,00	22,00	22,00	10,00	1	800	17.600,00
29.8.2000	25,00	25,00	20,00	20,00	20,23	-33,33	2	434	8.780,00
5.6.2000	30,00	30,00	30,00	30,00	30,00	-25,00	1	269	8.070,00
8.5.2000	40,00	40,00	40,00	40,00	40,00	-11,11	2	250	10.000,00
20.12.1999	30,00	45,00	30,00	45,00	44,65	0,00	3	1.584	70.725,00
4.10.1999	30,00	45,00	30,00	45,00	44,79	73,08	2	7.519	336.765,00
24.9.1999	26,00	26,00	26,00	26,00	26,00	0,00	1	21.502	559.052,00
23.8.1999	26,00	26,00	26,00	26,00	26,00	-23,53	1	32.899	855.374,00
13.8.1999	34,00	34,00	34,00	34,00	34,00	13,33	1	29.516	1.003.544,00
10.8.1999	30,00	30,00	30,00	30,00	30,00	-33,33	1	139.546	4.186.380,00
6.11.1998	45,00	45,00	45,00	45,00	45,00	-10,00	1	25	1.125,00
26.5.1998	50,00	50,00	50,00	50,00	50,00	11,11	1	25	1.250,00
25.5.1998	45,00	45,00	45,00	45,00	45,00	-10,00	1	226	10.170,00
18.5.1998	50,00	50,00	50,00	50,00	50,00	-66,67	1	20	1.000,00
10.3.1998	150,00	150,00	150,00	150,00	150,00	89,87	1	10	1.500,00
10.2.1998	79,00	79,00	79,00	79,00	79,00	-7,06	1	34	2.686,00
5.1.1998	85,00	85,00	85,00	85,00	85,00	-5,56	1	97	8.245,00
13.11.1997	90,00	90,00	90,00	90,00	90,00	0,00	1	30	2.700,00
30.10.1997	90,00	90,00	90,00	90,00	90,00	12,50	1	19	1.710,00
23.9.1997	80,00	80,00	80,00	80,00	80,00	-40,74	1	69	5.520,00
9.9.1997	135,00	135,00	135,00	135,00	135,00	0,00	1	10	1.350,00
14.8.1997	135,00	135,00	135,00	135,00	135,00	-3,57	1	87	11.745,00
7.8.1997	140,00	140,00	140,00	140,00	140,00	0,00	1	100	14.000,00
31.7.1997	140,00	140,00	140,00	140,00	140,00	0,72	1	48	6.720,00
30.7.1997	139,00	139,00	139,00	139,00	139,00	-0,71	1	27	3.753,00
23.7.1997	150,00	150,00	140,00	140,00	145,56	3,70	2	90	13.100,00
16.7.1997	135,00	135,00	135,00	135,00	135,00	12,50	1	22	2.970,00
20.6.1997	120,00	120,00	120,00	120,00	120,00	-20,00	2	93	11.160,00
8.4.1997	150,00	150,00	150,00	150,00	150,00	0,00	1	12	1.800,00
4.4.1997	150,00	150,00	150,00	150,00	150,00	0,00	1	160	24.000,00
21.3.1997	150,00	150,00	150,00	150,00	150,00	-25,00	1	55	8.250,00
25.2.1997	200,00	200,00	200,00	200,00	200,00	-9,09	1	81	16.200,00
11.2.1997	220,00	220,00	220,00	220,00	220,00	100,00	1	10	2.200,00
2.10.1996	110,00	110,00	110,00	110,00	110,00	0,00	1	23	2.530,00
26.9.1996	110,00	110,00	110,00	110,00	110,00	-6,78	1	88	9.680,00
30.8.1996	118,00	118,00	118,00	118,00	118,00	0,00	4	197	23.246,00